0 80.0
1 79.08639873736983
2 78.19366415641666
3 77.3213196614723
4 76.46889954232867
5 75.63594872561357
6 74.82202253184496
7 74.02668643803423
8 73.24951584571151
9 72.49009585424943
10 71.74802103936399
11 71.02289523667469
12 70.31433133020796
13 69.6219510457313
14 68.94538474880756
15 68.2842712474619
16 67.63825759935551
17 67.0069989233638
18 66.39015821545789
19 65.78740616879159
20 65.19842099789747
21 64.62288826689833
22 64.06050072164234
23 63.510958125672175
24 62.9739670999407
25 62.44924096618746
26 61.93649959389252
27 61.43546925072586
28 60.945882456412534
29 60.4674778399355
30 60.0
31 59.543199368684924
32 59.09683207820834
33 58.66065983073615
34 58.234449771164336
35 57.81797436280679
36 57.41101126592248
37 57.013343219017116
38 56.62475792285576
39 56.245047927124716
40 55.874010519681995
41 55.51144761833734
42 55.15716566510398
43 54.81097552286565
44 54.47269237440378
45 54.14213562373095
46 53.81912879967776
47 53.5034994616819
48 53.195079107728944
49 52.893703084395796
50 52.599210498948736
51 52.311444133449164
52 52.03025036082117
53 51.75547906283609
54 51.48698354997035
55 51.22462048309373
56 50.96824979694626
57 50.71773462536293
58 50.47294122820627
59 50.23373891996775
60 50.0
61 49.77159968434246
62 49.54841603910417
63 49.330329915368075
64 49.11722488558217
65 48.9089871814034
66 48.70550563296124
67 48.50667160950856
68 48.31237896142788
69 48.12252396356236
70 47.937005259841
71 47.75572380916867
72 47.578582832551994
73 47.40548776143282
74 47.23634618720189
75 47.071067811865476
76 46.909564399838885
77 46.75174973084095
78 46.59753955386447
79 46.4468515421979
80 46.29960524947437
81 46.15572206672458
82 46.015125180410585
83 45.877739531418044
84 45.74349177498517
85 45.612310241546865
86 45.48412489847313
87 45.35886731268147
88 45.23647061410313
89 45.116869459983874
90 45.0
91 44.88579984217123
92 44.774208019552084
93 44.66516495768404
94 44.55861244279109
95 44.4544935907017
96 44.352752816480624
97 44.25333580475428
98 44.15618948071394
99 44.06126198178118
100 43.9685026299205
101 43.877861904584336
102 43.789291416275994
103 43.70274388071641
104 43.618173093600944
105 43.53553390593274
106 43.45478219991944
107 43.37587486542048
108 43.29876977693223
109 43.223425771098945
110 43.149802624737184
111 43.07786103336229
112 43.00756259020529
113 42.93886976570902
114 42.87174588749259
115 42.80615512077343
116 42.74206244923656
117 42.679433656340734
118 42.61823530705157
119 42.55843472999194
120 42.5
121 42.44289992108562
122 42.38710400977604
123 42.33258247884202
124 42.279306221395544
125 42.22724679535085
126 42.17637640824031
127 42.12666790237714
128 42.07809474035697
129 42.030630990890586
130 41.98425131496025
131 41.93893095229217
132 41.894645708138
133 41.851371940358206
134 41.80908654680047
135 41.76776695296637
136 41.72739109995972
137 41.687937432710235
138 41.649384888466116
139 41.61171288554947
140 41.57490131236859
141 41.53893051668115
142 41.50378129510265
143 41.469434882854515
144 41.4358729437463
145 41.40307756038672
146 41.371031224618285
147 41.33971682817037
148 41.30911765352578
149 41.27921736499597
150 41.25
151 41.221449960542806
152 41.19355200488802
153 41.16629123942101
154 41.13965311069777
155 41.113623397675426
156 41.08818820412016
157 41.06333395118857
158 41.03904737017849
159 41.01531549544529
160 40.99212565748012
161 40.969465476146084
162 40.947322854069
163 40.9256859701791
164 40.904543273400236
165 40.883883476483184
166 40.86369554997986
167 40.84396871635512
168 40.82469244423306
169 40.80585644277474
170 40.7874506561843
171 40.769465258340574
172 40.75189064755132
173 40.73471744142726
174 40.717936471873145
175 40.70153878019336
176 40.68551561230914
177 40.66985841408518
178 40.654558826762894
179 40.639608682497986
180 40.625
181 40.61072498027141
182 40.59677600244401
183 40.58314561971051
184 40.56982655534888
185 40.55681169883771
186 40.54409410206008
187 40.531666975594284
188 40.51952368508924
189 40.50765774772265
190 40.496062828740065
191 40.48473273807304
192 40.4736614270345
193 40.46284298508955
194 40.45227163670012
195 40.441941738241596
196 40.43184777498993
197 40.42198435817756
198 40.41234622211653
199 40.40292822138737
