0 40.0
1 39.54319936868492
2 39.09683207820833
3 38.66065983073615
4 38.234449771164336
5 37.81797436280679
6 37.41101126592248
7 37.013343219017116
8 36.62475792285576
9 36.245047927124716
10 35.874010519681995
11 35.51144761833734
12 35.15716566510398
13 34.81097552286565
14 34.47269237440378
15 34.14213562373095
16 33.819128799677756
17 33.5034994616819
18 33.195079107728944
19 32.893703084395796
20 32.599210498948736
21 32.311444133449164
22 32.03025036082117
23 31.755479062836088
24 31.48698354997035
25 31.22462048309373
26 30.96824979694626
27 30.71773462536293
28 30.472941228206267
29 30.23373891996775
30 30.0
31 29.771599684342462
32 29.54841603910417
33 29.330329915368075
34 29.117224885582168
35 28.908987181403393
36 28.70550563296124
37 28.506671609508558
38 28.31237896142788
39 28.122523963562358
40 27.937005259840998
41 27.75572380916867
42 27.57858283255199
43 27.405487761432823
44 27.23634618720189
45 27.071067811865476
46 26.90956439983888
47 26.75174973084095
48 26.597539553864472
49 26.446851542197898
50 26.299605249474368
51 26.155722066724582
52 26.015125180410585
53 25.877739531418044
54 25.743491774985173
55 25.612310241546865
56 25.48412489847313
57 25.358867312681465
58 25.236470614103133
59 25.116869459983874
60 25.0
61 24.88579984217123
62 24.774208019552084
63 24.665164957684038
64 24.558612442791084
65 24.4544935907017
66 24.35275281648062
67 24.25333580475428
68 24.15618948071394
69 24.06126198178118
70 23.9685026299205
71 23.877861904584336
72 23.789291416275997
73 23.70274388071641
74 23.618173093600944
75 23.535533905932738
76 23.454782199919443
77 23.375874865420474
78 23.298769776932236
79 23.22342577109895
80 23.149802624737184
81 23.07786103336229
82 23.007562590205293
83 22.938869765709022
84 22.871745887492587
85 22.806155120773433
86 22.742062449236563
87 22.679433656340734
88 22.618235307051567
89 22.558434729991937
90 22.5
91 22.442899921085615
92 22.387104009776042
93 22.33258247884202
94 22.279306221395544
95 22.22724679535085
96 22.176376408240312
97 22.12666790237714
98 22.07809474035697
99 22.03063099089059
100 21.98425131496025
101 21.938930952292168
102 21.894645708137997
103 21.851371940358206
104 21.809086546800472
105 21.76776695296637
106 21.72739109995972
107 21.68793743271024
108 21.649384888466116
109 21.611712885549473
110 21.574901312368592
111 21.538930516681145
112 21.503781295102645
113 21.46943488285451
114 21.435872943746293
115 21.403077560386716
116 21.37103122461828
117 21.339716828170367
118 21.309117653525785
119 21.27921736499597
120 21.25
121 21.22144996054281
122 21.19355200488802
123 21.16629123942101
124 21.139653110697772
125 21.113623397675426
126 21.088188204120154
127 21.06333395118857
128 21.039047370178483
129 21.015315495445293
130 20.992125657480123
131 20.969465476146084
132 20.947322854069
133 20.925685970179103
134 20.904543273400236
135 20.883883476483184
136 20.86369554997986
137 20.843968716355118
138 20.824692444233058
139 20.805856442774736
140 20.787450656184294
141 20.769465258340574
142 20.751890647551324
143 20.734717441427257
144 20.71793647187315
145 20.70153878019336
146 20.685515612309143
147 20.669858414085184
148 20.65455882676289
149 20.639608682497986
150 20.625
151 20.610724980271403
152 20.59677600244401
153 20.583145619710503
154 20.569826555348886
155 20.556811698837713
156 20.54409410206008
157 20.531666975594284
158 20.519523685089244
159 20.507657747722646
160 20.49606282874006
161 20.484732738073042
162 20.4736614270345
163 20.46284298508955
164 20.452271636700118
165 20.441941738241592
166 20.43184777498993
167 20.42198435817756
168 20.41234622211653
169 20.40292822138737
170 20.39372532809215
171 20.384732629170287
172 20.37594532377566
173 20.36735872071363
174 20.358968235936572
175 20.35076939009668
176 20.34275780615457
177 20.33492920704259
178 20.327279413381447
179 20.319804341248993
180 20.3125
181 20.305362490135703
182 20.298388001222005
183 20.291572809855253
184 20.28491327767444
185 20.278405849418856
186 20.27204705103004
187 20.265833487797142
188 20.25976184254462
189 20.253828873861323
190 20.248031414370033
191 20.24236636903652
192 20.23683071351725
193 20.231421492544776
194 20.22613581835006
195 20.220970869120798
196 20.215923887494966
197 20.21099217908878
198 20.206173111058266
199 20.201464110693685
