0 1.0
1 1.0
2 1.0
3 1.0
4 1.0
5 1.0
6 1.0
7 1.0
8 1.0
9 1.0
10 1.0
11 1.0
12 1.0
13 1.0
14 1.0
15 1.0
16 1.0
17 1.0
18 1.0
19 1.0
20 0.4490298210532301
21 0.4496778852224006
22 0.45032425431308337
23 0.4509687631528858
24 0.45161124850865175
25 0.45225154924703304
26 0.45288950649047915
27 0.45352496376833784
28 0.45415776716277967
29 0.4547877654492737
30 0.45541481023136626
31 0.45603875606953115
32 0.4566594606038829
33 0.457276784670564
34 0.45789059241164054
35 0.4585007513783607
36 0.459107132627655
37 0.45970961081177497
38 0.4603080642609948
39 0.46090237505931547
40 0.27788001616122604
41 0.278642922000542
42 0.2794022283996721
43 0.28015775957279704
44 0.28090934348243884
45 0.2816568119795623
46 0.28240000093578915
47 0.28313875036755193
48 0.28387290455204284
49 0.28460231213483794
50 0.28532682622910494
51 0.2860463045063284
52 0.2867606092785122
53 0.2874696075718448
54 0.2881731711918375
55 0.2888711767799698
56 0.2895635058619011
57 0.2902500448873275
58 0.29093068526158794
59 0.29160532336914113
60 0.19914571941563056
61 0.19989209636866165
62 0.20063357176550475
63 0.20136999780087989
64 0.20210123135213104
65 0.20282713405939215
66 0.20354757239705187
67 0.2042624177365375
68 0.20497154640046392
69 0.20567483970821604
70 0.20637218401305663
71 0.2070634707308721
72 0.20774859636069104
73 0.20842746249712787
74 0.20909997583492482
75 0.20976604816577965
76 0.21042559636766614
77 0.21107854238686521
78 0.2117248132129415
79 0.21236434084690986
80 0.15569589445205007
81 0.15638158907029723
82 0.15706167871517943
83 0.1577360525528022
84 0.15840460462933517
85 0.15906723389268299
86 0.15972384420632704
87 0.16037434435549974
88 0.16101864804587
89 0.16165667389493424
90 0.162288345416322
91 0.16291359099723818
92 0.1635323438692758
93 0.16414454207284498
94 0.16475012841547215
95 0.1653490504242322
96 0.16594126029258421
97 0.16652671482188589
98 0.1671053753578676
99 0.16767720772235029
100 0.16824218214049322
101 0.1688002731638603
102 0.16935145958959266
103 0.16989572437597553
104 0.1704330545546854
105 0.170963441140001
106 0.17148687903525872
107 0.17200336693682877
108 0.17251290723588336
109 0.17301550591822312
110 0.17351117246242198
111 0.17399991973654358
112 0.1744817638936757
113 0.17495672426652129
114 0.17542482326127712
115 0.175886086251022
116 0.17634054146882908
117 0.17678821990080654
118 0.1772291551792634
119 0.1776633834761869
120 0.17809094339720882
121 0.17851187587622946
122 0.17892622407085798
123 0.17933403325881825
124 0.1797353507354612
125 0.18013022571251355
126 0.18051870921818622
127 0.1809008539987539
128 0.18127671442171092
129 0.18164634638059834
130 0.18200980720158927
131 0.18236715555191138
132 0.18271845135017736
133 0.1830637556786862
134 0.18340313069775124
135 0.1837366395621027
136 0.1840643463394071
137 0.18438631593093738
138 0.18470261399442298
139 0.18501330686910153
140 0.18531846150298928
141 0.18561814538238153
142 0.18591242646358783
143 0.186201373106905
144 0.18648505401282225
145 0.18676353816045208
146 0.18703689474817436
147 0.1873051931364776
148 0.18756850279297912
149 0.18782689323960064
150 0.18808043400187452
151 0.188329194560352
152 0.18857324430408293
153 0.18881265248613452
154 0.18904748818111236
155 0.18927782024464923
156 0.18950371727482088
157 0.1897252475754503
158 0.1899424791212585
159 0.1901554795248194
160 0.190364316005276
161 0.19056905535877341
162 0.19076976393056408
163 0.19096650758873998
164 0.19115935169954673
165 0.1913483611042334
166 0.1915336000973924
167 0.19171513240674368
168 0.19189302117431725
169 0.19206732893898906
170 0.1922381176203243
171 0.19240544850368396
172 0.1925693822265494
173 0.19272997876602227
174 0.19288729742745472
175 0.19304139683416868
176 0.19319233491822144
177 0.193340168912176
178 0.19348495534183616
179 0.19362675001990615
180 0.1937656080405356
181 0.19390158377471253
182 0.19403473086646575
183 0.19416510222984154
184 0.1942927500466187
185 0.19441772576472646
186 0.19454008009733328
187 0.19465986302257224
188 0.1947771237838718
189 0.1948919108908616
190 0.19500427212082183
191 0.19511425452064893
192 0.195221904409308
193 0.19532726738074555
194 0.1954303883072358
195 0.1955313113431357
196 0.19563007992902337
197 0.19572673679619657
198 0.19582132397150892
199 0.19591388278252095
