0 0
1 0
2 0
3 0
4 0
5 0
6 0
7 0
8 0
9 0
10 0
11 0
12 0
13 0
14 0
15 0
16 0
17 0
18 0
19 0
20 0.5509701789467699
21 0.5503221147775994
22 0.5496757456869166
23 0.5490312368471142
24 0.5483887514913482
25 0.5477484507529669
26 0.5471104935095209
27 0.546475036231662
28 0.5458422328372203
29 0.5452122345507262
30 0.5445851897686338
31 0.5439612439304689
32 0.5433405393961172
33 0.542723215329436
34 0.5421094075883596
35 0.5414992486216392
36 0.5408928673723449
37 0.5402903891882249
38 0.5396919357390053
39 0.5390976249406846
40 0.32425340712208606
41 0.32437832532500654
42 0.32450265415558727
43 0.32462636483065793
44 0.32474942918080185
45 0.32487181967329576
46 0.3249935094337587
47 0.32511447226648144
48 0.325234682673411
49 0.32535411587177404
50 0.3254727478103204
51 0.32559055518417884
52 0.32570751544831666
53 0.325823606829602
54 0.32593880833746897
55 0.3260530997731933
56 0.32616646173778646
57 0.3262788756385214
58 0.3263903236941085
59 0.3265007889385386
60 0.2225414004315716
61 0.2229444041835642
62 0.2233447613566045
63 0.22374239214372346
64 0.22413721926631922
65 0.2245291680174426
66 0.22491816630038408
67 0.22530414466257379
68 0.22568703632481935
69 0.2260667772059175
70 0.22644330594269066
71 0.22681656390550814
72 0.22718649520936476
73 0.22755304672060003
74 0.22791616805935064
75 0.22827581159783722
76 0.22863193245459837
77 0.2289844884847882
78 0.22933344026666516
79 0.2296787510844035
80 0.16813954850491697
81 0.16863265269593736
82 0.16912172617739216
83 0.16960668924520264
84 0.17008746570469493
85 0.17056398288618427
86 0.1710361716549291
87 0.1715039664155711
88 0.1719673051111899
89 0.1724261292171121
90 0.17288038372962491
91 0.17333001714975424
92 0.17377498146227513
93 0.17421523211013176
94 0.17465072796444883
95 0.17508143129032422
96 0.175507307708597
97 0.17592832615378837
98 0.17634445882841848
99 0.17675568115390256
100 0.1771619717182324
101 0.17756331222065116
102 0.17795968741352775
103 0.17835108504163846
104 0.17873749577906103
105 0.1791189131638856
106 0.17949533353094382
107 0.1798667559427553
108 0.18023318211888584
109 0.18059461636390967
110 0.18095106549416218
111 0.1813025387634657
112 0.18164904778800478
113 0.18199060647052362
114 0.18232723092401074
115 0.1826589393950313
116 0.1829857521868607
117 0.18330769158256693
118 0.18362478176818287
119 0.1839370487561023
120 0.1842445203088282
121 0.18454722586319333
122 0.18484519645516811
123 0.18513846464536318
124 0.18542706444532692
125 0.18571103124473295
126 0.18599040173954473
127 0.18626521386123845
128 0.18653550670715957
129 0.18680132047208073
130 0.18706269638102468
131 0.18731967662340793
132 0.18757230428855662
133 0.18782062330263968
134 0.18806467836705942
135 0.18830451489833416
136 0.18854017896950284
137 0.1887717172530766
138 0.1889991769655577
139 0.18922260581354228
140 0.18944205194141767
141 0.18965756388066451
142 0.18986919050076514
143 0.1900769809617216
144 0.19028098466817892
145 0.19048125122514864
146 0.1906778303953242
147 0.1908707720579765
148 0.191060126169416
149 0.1912459427250051
150 0.1914282717227029
151 0.1916071631281209
152 0.1917826668410694
153 0.19195483266356922
154 0.19212371026930394
155 0.19228934917448703
156 0.19245179871011478
157 0.19261110799557715
158 0.19276732591359683
159 0.1929205010864652
160 0.19307068185354537
161 0.19321791625000956
162 0.1933622519867792
163 0.19350373643163488
164 0.1936424165914639
165 0.1937783390956123
166 0.1939115501803086
167 0.19404209567412556
168 0.1941700209844484
169 0.19429537108491554
170 0.19441819050379994
171 0.1945385233132986
172 0.19465641311969836
173 0.19477190305438657
174 0.19488503576567484
175 0.1949958534114056
176 0.19510439765231163
177 0.1952107096460978
178 0.1953148300422164
179 0.195416798977308
180 0.19551665607127822
181 0.19561444042398485
182 0.19571019061250683
183 0.19580394468897014
184 0.19589574017890463
185 0.19598561408010606
186 0.19607360286198122
187 0.19615974246535017
188 0.19624406830268407
189 0.19632661525875686
190 0.19640741769168715
191 0.19648650943435222
192 0.19656392379615129
193 0.19663969356510036
194 0.19671385101023858
195 0.19678642788432862
196 0.19685745542683272
197 0.19692696436714763
198 0.19699498492808268
199 0.19706154682956376
