0 0
1 0
2 0
3 0
4 0
5 0
6 0
7 0
8 0
9 0
10 0
11 0
12 0
13 0
14 0
15 0
16 0
17 0
18 0
19 0
20 0
21 0
22 0
23 0
24 0
25 0
26 0
27 0
28 0
29 0
30 0
31 0
32 0
33 0
34 0
35 0
36 0
37 0
38 0
39 0
40 0.3978665767166879
41 0.39697875267445143
42 0.3960951174447407
43 0.3952158755965449
44 0.3943412273367593
45 0.39347136834714197
46 0.3926064896304521
47 0.39174677736596664
48 0.3908924127745461
49 0.39004357199338796
50 0.38920042596057464
51 0.38836314030949276
52 0.38753187527317107
53 0.3867067855985532
54 0.38588802047069354
55 0.3850757234468369
56 0.38427003240031243
57 0.383471079474151
58 0.38267899104430353
59 0.38189388769232024
60 0.25967972908778886
61 0.25953766185923527
62 0.25939652760496545
63 0.25925635445860074
64 0.2591171696624601
65 0.25897899955230147
66 0.25884186954371874
67 0.25870580412019145
68 0.25857082682277777
69 0.2584369602414386
70 0.25830422600797376
71 0.25817264479055124
72 0.25804223628980083
73 0.2579130192364461
74 0.25778501139044
75 0.25765822954156786
76 0.25753268951148117
77 0.2574084061571171
78 0.25728539337546186
79 0.25716366410960984
80 0.18789261803876622
81 0.1880800039830078
82 0.18826585820569505
83 0.18845015041825142
84 0.18863285166571933
85 0.18881393433268256
86 0.18899337214704878
87 0.18917114018173686
88 0.18934721485431777
89 0.18952157392466173
90 0.1896941964906494
91 0.18986506298200725
92 0.19003415515233135
93 0.19020145606936648
94 0.19036695010361027
95 0.1905306229153139
96 0.1906924614399533
97 0.19085245387224647
98 0.19101058964879297
99 0.191166859429414
100 0.19132125507727055
101 0.19147376963783938
102 0.19162439731682426
103 0.1917731334570823
104 0.19191997451464293
105 0.19206491803389716
106 0.19220796262203382
107 0.19234910792279825
108 0.19248835458964764
109 0.1926257042583756
110 0.19276115951927744
111 0.1928947238889248
112 0.19302640178161748
113 0.1931561984805773
114 0.1932841201089475
115 0.1934101736006578
116 0.19353436667121446
117 0.19365670778847033
118 0.1937772061434294
119 0.19389587162113636
120 0.19401271477170004
121 0.194127746781496
122 0.19424097944459276
123 0.1943524251344418
124 0.1944620967758696
125 0.194570007817408
126 0.19467617220399575
127 0.1947806043500825
128 0.19488331911316295
129 0.1949843317677687
130 0.19508365797993918
131 0.19518131378219625
132 0.1952773155490388
133 0.19537167997297689
134 0.19546442404111916
135 0.1955555650123276
136 0.1956451203949504
137 0.1957331079251431
138 0.19581954554578468
139 0.19590445138599616
140 0.1959878437412649
141 0.19606974105417874
142 0.19615016189577034
143 0.19622912494747377
144 0.1963066489836905
145 0.19638275285496384
146 0.1964574554717584
147 0.1965307757888395
148 0.1966027327902487
149 0.1966733454748676
150 0.1967426328425647
151 0.19681061388091603
152 0.1968773075524922
153 0.1969427327827027
154 0.197006908448187
155 0.1970698533657442
156 0.1971315862817882
157 0.19719212586231993
158 0.19725149068340367
159 0.19730969922213648
160 0.19736676984809892
161 0.1974227208152752
162 0.1974775702544301
163 0.19753133616593027
164 0.19758403641299846
165 0.1976356887153868
166 0.19768631064345762
167 0.19773591961265893
168 0.19778453287838202
169 0.19783216753118874
170 0.19787884049239648
171 0.1979245685100077
172 0.19796936815497312
173 0.1980132558177755
174 0.19805624770532265
175 0.19809835983813767
176 0.19813960804783562
177 0.1981800079748746
178 0.19821957506656998
179 0.19825832457536224
180 0.19829627155732585
181 0.19833343087091043
182 0.19836981717590282
183 0.19840544493260107
184 0.19844032840118994
185 0.1984744816413083
186 0.19850791851180058
187 0.19854065267064133
188 0.19857269757502566
189 0.1986040664816171
190 0.19863477244694328
191 0.19866482832793336
192 0.19869424678258804
193 0.1987230402707758
194 0.1987512210551472
195 0.198778801202161
196 0.19880579258321524
197 0.19883220687587658
198 0.1988580555652018
199 0.19888334994514564
