0 0
1 0
2 0
3 0
4 0
5 0
6 0
7 0
8 0
9 0
10 0
11 0
12 0
13 0
14 0
15 0
16 0
17 0
18 0
19 0
20 0
21 0
22 0
23 0
24 0
25 0
26 0
27 0
28 0
29 0
30 0
31 0
32 0
33 0
34 0
35 0
36 0
37 0
38 0
39 0
40 0
41 0
42 0
43 0
44 0
45 0
46 0
47 0
48 0
49 0
50 0
51 0
52 0
53 0
54 0
55 0
56 0
57 0
58 0
59 0
60 0
61 0
62 0
63 0
64 0
65 0
66 0
67 0
68 0
69 0
70 0
71 0
72 0
73 0
74 0
75 0
76 0
77 0
78 0
79 0
80 0.26902327760786715
81 0.26795500437665903
82 0.26689546337529213
83 0.26584482727667275
84 0.26480326115084485
85 0.2637709224312277
86 0.2627479608930517
87 0.2617345186437388
88 0.26073073012495096
89 0.25973672212600163
90 0.2587526138083076
91 0.25777851674053226
92 0.25681453494405754
93 0.25586076494840193
94 0.25491729585618766
95 0.25398420941724886
96 0.25306158011145824
97 0.2521494752398446
98 0.2512479550235622
99 0.25035707271027113
100 0.24947687468748025
101 0.24860740060240627
102 0.24774868348789786
103 0.24690074989397762
104 0.24606362002455653
105 0.24523730787887732
106 0.24442182139725208
107 0.24361716261066188
108 0.2428233277937965
109 0.24204030762111883
110 0.24126808732554958
111 0.24050664685937717
112 0.23975596105700922
113 0.23901599979919355
114 0.23828672817834962
115 0.237568106664663
116 0.2368600912726111
117 0.2361626337275989
118 0.23547568163240107
119 0.23479917863311797
120 0.23413306458437028
121 0.23347727571346835
122 0.2328317447833109
123 0.2321964012537782
124 0.23157117144140257
125 0.23095597867711154
126 0.2303507434618537
127 0.22975538361993172
128 0.22916981444988052
129 0.22859394887274087
130 0.22802769757759422
131 0.22747096916423531
132 0.22692367028287214
133 0.22638570577075554
134 0.22585697878565147
135 0.22533739093608074
136 0.22482684240826134
137 0.22432523208969987
138 0.2238324576893868
139 0.22334841585456158
140 0.2228730022840208
141 0.22240611183795367
142 0.22194763864429298
143 0.2214974762015831
144 0.22105551747836757
145 0.2206216550091108
146 0.22019578098667125
147 0.219777787351351
148 0.21936756587655193
149 0.21896500825107232
150 0.21857000615808572
151 0.21818245135084346
152 0.21780223572515062
153 0.21742925138866623
154 0.21706339072708145
155 0.21670454646723533
156 0.21635261173722584
157 0.21600748012357998
158 0.21566904572554715
159 0.21533720320658112
160 0.21501184784307859
161 0.21469287557044311
162 0.21438018302654355
163 0.21407366759263727
164 0.21377322743182983
165 0.21347876152514164
166 0.2131901697052531
167 0.2129073526879997
168 0.21263021210168845
169 0.21235865051430625
170 0.21209257145869084
171 0.21183187945573417
172 0.2115764800356874
173 0.2113262797576364
174 0.2110811862272141
175 0.21084110811261783
176 0.21060595515899605
177 0.21037563820126942
178 0.21015006917544923
179 0.20992916112851553
180 0.2097128282269153
181 0.2095009857637407
182 0.2092935501646445
183 0.20909043899255078
184 0.20889157095121522
185 0.20869686588768877
186 0.2085062447937383
187 0.20831962980627403
188 0.20813694420683373
189 0.20795811242017273
190 0.2077830600120045
191 0.20761171368593934
192 0.20744400127966292
193 0.20727985176039884
194 0.20711919521969482
195 0.20696196286757315
196 0.206808087026083
197 0.2066575011222917
198 0.20651013968075077
199 0.20636593831547054
