10 100.0
11 98.8579984217123
12 97.74208019552083
13 96.65164957684037
14 95.58612442791085
15 94.54493590701696
16 93.5275281648062
17 92.53335804754278
18 91.5618948071394
19 90.61261981781178
20 89.68502629920499
21 88.77861904584336
22 87.89291416275995
23 87.02743880716412
24 86.18173093600944
25 85.35533905932738
26 84.5478219991944
27 83.75874865420475
28 82.98769776932235
29 82.23425771098948
30 81.49802624737183
31 80.77861033362291
32 80.07562590205292
33 79.38869765709022
34 78.71745887492588
35 78.06155120773433
36 77.42062449236565
37 76.79433656340733
38 76.18235307051566
39 75.58434729991937
40 75.0
41 74.42899921085615
42 73.87104009776041
43 73.32582478842019
44 72.79306221395542
45 72.27246795350848
46 71.7637640824031
47 71.26667902377139
48 70.7809474035697
49 70.30630990890589
50 69.8425131496025
51 69.38930952292168
52 68.94645708137998
53 68.51371940358206
54 68.09086546800472
55 67.67766952966369
56 67.2739109995972
57 66.87937432710237
58 66.49384888466118
59 66.11712885549474
60 65.74901312368591
61 65.38930516681145
62 65.03781295102647
63 64.69434882854512
64 64.35872943746294
65 64.03077560386717
66 63.71031224618282
67 63.397168281703664
68 63.09117653525784
69 62.79217364995969
70 62.5
71 62.214499605428074
72 61.93552004888021
73 61.662912394210096
74 61.39653110697771
75 61.13623397675424
76 60.88188204120155
77 60.633339511885694
78 60.39047370178485
79 60.153154954452944
80 59.92125657480125
81 59.69465476146084
82 59.47322854068999
83 59.25685970179103
84 59.04543273400236
85 58.838834764831844
86 58.6369554997986
87 58.43968716355119
88 58.246924442330595
89 58.05856442774737
90 57.874506561842956
91 57.69465258340573
92 57.518906475513226
93 57.34717441427256
94 57.17936471873147
95 57.015387801933585
96 56.85515612309141
97 56.698584140851835
98 56.545588267628915
99 56.39608682497985
100 56.25
101 56.10724980271404
102 55.9677600244401
103 55.83145619710505
104 55.69826555348885
105 55.56811698837712
106 55.440941020600775
107 55.31666975594285
108 55.19523685089243
109 55.07657747722647
110 54.960628287400624
111 54.84732738073042
112 54.736614270344994
113 54.628429850895515
114 54.52271636700118
115 54.41941738241592
116 54.3184777498993
117 54.21984358177559
118 54.1234622211653
119 54.029282213873685
120 53.93725328092148
121 53.84732629170286
122 53.75945323775662
123 53.67358720713628
124 53.58968235936573
125 53.50769390096679
126 53.42757806154571
127 53.34929207042592
128 53.27279413381446
129 53.19804341248992
130 53.125
131 53.05362490135702
132 52.983880012220055
133 52.91572809855252
134 52.849132776744426
135 52.784058494188564
136 52.72047051030039
137 52.65833487797143
138 52.597618425446214
139 52.53828873861323
140 52.48031414370031
141 52.42366369036521
142 52.3683071351725
143 52.31421492544776
144 52.26135818350059
145 52.209708691207965
146 52.15923887494965
147 52.109921790887796
148 52.06173111058265
149 52.01464110693684
150 51.96862664046074
151 51.923663145851435
152 51.87972661887831
153 51.83679360356814
154 51.79484117968287
155 51.75384695048339
156 51.71378903077285
157 51.67464603521296
158 51.63639706690723
159 51.59902170624496
160 51.5625
161 51.52681245067851
162 51.49194000611003
163 51.45786404927626
164 51.42456638837221
165 51.39202924709428
166 51.360235255150194
167 51.32916743898571
168 51.29880921272311
169 51.269144369306616
170 51.240157071850156
171 51.21183184518261
172 51.18415356758625
173 51.15710746272388
174 51.130679091750295
175 51.10485434560398
176 51.079619437474825
177 51.0549608954439
178 51.03086555529132
179 51.007320553468425
180 50.98431332023037
181 50.96183157292572
182 50.939863309439154
183 50.91839680178407
184 50.89742058984143
185 50.876923475241696
186 50.85689451538643
187 50.83732301760648
188 50.81819853345362
189 50.79951085312248
190 50.78125
191 50.76340622533925
192 50.745970003055014
193 50.728932024638134
194 50.71228319418611
195 50.69601462354714
196 50.6801176275751
197 50.66458371949285
198 50.64940460636155
199 50.63457218465331
