30 100.0
31 98.8579984217123
32 97.74208019552083
33 96.65164957684037
34 95.58612442791085
35 94.54493590701696
36 93.5275281648062
37 92.53335804754278
38 91.5618948071394
39 90.61261981781178
40 89.68502629920499
41 88.77861904584336
42 87.89291416275995
43 87.02743880716412
44 86.18173093600944
45 85.35533905932738
46 84.5478219991944
47 83.75874865420475
48 82.98769776932235
49 82.23425771098948
50 81.49802624737183
51 80.77861033362291
52 80.07562590205292
53 79.38869765709022
54 78.71745887492588
55 78.06155120773433
56 77.42062449236565
57 76.79433656340733
58 76.18235307051566
59 75.58434729991937
60 75.0
61 74.42899921085615
62 73.87104009776041
63 73.32582478842019
64 72.79306221395542
65 72.27246795350848
66 71.7637640824031
67 71.26667902377139
68 70.7809474035697
69 70.30630990890589
70 69.8425131496025
71 69.38930952292168
72 68.94645708137998
73 68.51371940358206
74 68.09086546800472
75 67.67766952966369
76 67.2739109995972
77 66.87937432710237
78 66.49384888466118
79 66.11712885549474
80 65.74901312368591
81 65.38930516681145
82 65.03781295102647
83 64.69434882854512
84 64.35872943746294
85 64.03077560386717
86 63.71031224618282
87 63.397168281703664
88 63.09117653525784
89 62.79217364995969
90 62.5
91 62.214499605428074
92 61.93552004888021
93 61.662912394210096
94 61.39653110697771
95 61.13623397675424
96 60.88188204120155
97 60.633339511885694
98 60.39047370178485
99 60.153154954452944
100 59.92125657480125
101 59.69465476146084
102 59.47322854068999
103 59.25685970179103
104 59.04543273400236
105 58.838834764831844
106 58.6369554997986
107 58.43968716355119
108 58.246924442330595
109 58.05856442774737
110 57.874506561842956
111 57.69465258340573
112 57.518906475513226
113 57.34717441427256
114 57.17936471873147
115 57.015387801933585
116 56.85515612309141
117 56.698584140851835
118 56.545588267628915
119 56.39608682497985
120 56.25
121 56.10724980271404
122 55.9677600244401
123 55.83145619710505
124 55.69826555348885
125 55.56811698837712
126 55.440941020600775
127 55.31666975594285
128 55.19523685089243
129 55.07657747722647
130 54.960628287400624
131 54.84732738073042
132 54.736614270344994
133 54.628429850895515
134 54.52271636700118
135 54.41941738241592
136 54.3184777498993
137 54.21984358177559
138 54.1234622211653
139 54.029282213873685
140 53.93725328092148
141 53.84732629170286
142 53.75945323775662
143 53.67358720713628
144 53.58968235936573
145 53.50769390096679
146 53.42757806154571
147 53.34929207042592
148 53.27279413381446
149 53.19804341248992
150 53.125
151 53.05362490135702
152 52.983880012220055
153 52.91572809855252
154 52.849132776744426
155 52.784058494188564
156 52.72047051030039
157 52.65833487797143
158 52.597618425446214
159 52.53828873861323
160 52.48031414370031
161 52.42366369036521
162 52.3683071351725
163 52.31421492544776
164 52.26135818350059
165 52.209708691207965
166 52.15923887494965
167 52.109921790887796
168 52.06173111058265
169 52.01464110693684
170 51.96862664046074
171 51.923663145851435
172 51.87972661887831
173 51.83679360356814
174 51.79484117968287
175 51.75384695048339
176 51.71378903077285
177 51.67464603521296
178 51.63639706690723
179 51.59902170624496
180 51.5625
181 51.52681245067851
182 51.49194000611003
183 51.45786404927626
184 51.42456638837221
185 51.39202924709428
186 51.360235255150194
187 51.32916743898571
188 51.29880921272311
189 51.269144369306616
190 51.240157071850156
191 51.21183184518261
192 51.18415356758625
193 51.15710746272388
194 51.130679091750295
195 51.10485434560398
196 51.079619437474825
197 51.0549608954439
198 51.03086555529132
199 51.007320553468425
