50 100.0
51 98.8579984217123
52 97.74208019552083
53 96.65164957684037
54 95.58612442791085
55 94.54493590701696
56 93.5275281648062
57 92.53335804754278
58 91.5618948071394
59 90.61261981781178
60 89.68502629920499
61 88.77861904584336
62 87.89291416275995
63 87.02743880716412
64 86.18173093600944
65 85.35533905932738
66 84.5478219991944
67 83.75874865420475
68 82.98769776932235
69 82.23425771098948
70 81.49802624737183
71 80.77861033362291
72 80.07562590205292
73 79.38869765709022
74 78.71745887492588
75 78.06155120773433
76 77.42062449236565
77 76.79433656340733
78 76.18235307051566
79 75.58434729991937
80 75.0
81 74.42899921085615
82 73.87104009776041
83 73.32582478842019
84 72.79306221395542
85 72.27246795350848
86 71.7637640824031
87 71.26667902377139
88 70.7809474035697
89 70.30630990890589
90 69.8425131496025
91 69.38930952292168
92 68.94645708137998
93 68.51371940358206
94 68.09086546800472
95 67.67766952966369
96 67.2739109995972
97 66.87937432710237
98 66.49384888466118
99 66.11712885549474
100 65.74901312368591
101 65.38930516681145
102 65.03781295102647
103 64.69434882854512
104 64.35872943746294
105 64.03077560386717
106 63.71031224618282
107 63.397168281703664
108 63.09117653525784
109 62.79217364995969
110 62.5
111 62.214499605428074
112 61.93552004888021
113 61.662912394210096
114 61.39653110697771
115 61.13623397675424
116 60.88188204120155
117 60.633339511885694
118 60.39047370178485
119 60.153154954452944
120 59.92125657480125
121 59.69465476146084
122 59.47322854068999
123 59.25685970179103
124 59.04543273400236
125 58.838834764831844
126 58.6369554997986
127 58.43968716355119
128 58.246924442330595
129 58.05856442774737
130 57.874506561842956
131 57.69465258340573
132 57.518906475513226
133 57.34717441427256
134 57.17936471873147
135 57.015387801933585
136 56.85515612309141
137 56.698584140851835
138 56.545588267628915
139 56.39608682497985
140 56.25
141 56.10724980271404
142 55.9677600244401
143 55.83145619710505
144 55.69826555348885
145 55.56811698837712
146 55.440941020600775
147 55.31666975594285
148 55.19523685089243
149 55.07657747722647
150 54.960628287400624
151 54.84732738073042
152 54.736614270344994
153 54.628429850895515
154 54.52271636700118
155 54.41941738241592
156 54.3184777498993
157 54.21984358177559
158 54.1234622211653
159 54.029282213873685
160 53.93725328092148
161 53.84732629170286
162 53.75945323775662
163 53.67358720713628
164 53.58968235936573
165 53.50769390096679
166 53.42757806154571
167 53.34929207042592
168 53.27279413381446
169 53.19804341248992
170 53.125
171 53.05362490135702
172 52.983880012220055
173 52.91572809855252
174 52.849132776744426
175 52.784058494188564
176 52.72047051030039
177 52.65833487797143
178 52.597618425446214
179 52.53828873861323
180 52.48031414370031
181 52.42366369036521
182 52.3683071351725
183 52.31421492544776
184 52.26135818350059
185 52.209708691207965
186 52.15923887494965
187 52.109921790887796
188 52.06173111058265
189 52.01464110693684
190 51.96862664046074
191 51.923663145851435
192 51.87972661887831
193 51.83679360356814
194 51.79484117968287
195 51.75384695048339
196 51.71378903077285
197 51.67464603521296
198 51.63639706690723
199 51.59902170624496
