70 100.0
71 98.8579984217123
72 97.74208019552083
73 96.65164957684037
74 95.58612442791085
75 94.54493590701696
76 93.5275281648062
77 92.53335804754278
78 91.5618948071394
79 90.61261981781178
80 89.68502629920499
81 88.77861904584336
82 87.89291416275995
83 87.02743880716412
84 86.18173093600944
85 85.35533905932738
86 84.5478219991944
87 83.75874865420475
88 82.98769776932235
89 82.23425771098948
90 81.49802624737183
91 80.77861033362291
92 80.07562590205292
93 79.38869765709022
94 78.71745887492588
95 78.06155120773433
96 77.42062449236565
97 76.79433656340733
98 76.18235307051566
99 75.58434729991937
100 75.0
101 74.42899921085615
102 73.87104009776041
103 73.32582478842019
104 72.79306221395542
105 72.27246795350848
106 71.7637640824031
107 71.26667902377139
108 70.7809474035697
109 70.30630990890589
110 69.8425131496025
111 69.38930952292168
112 68.94645708137998
113 68.51371940358206
114 68.09086546800472
115 67.67766952966369
116 67.2739109995972
117 66.87937432710237
118 66.49384888466118
119 66.11712885549474
120 65.74901312368591
121 65.38930516681145
122 65.03781295102647
123 64.69434882854512
124 64.35872943746294
125 64.03077560386717
126 63.71031224618282
127 63.397168281703664
128 63.09117653525784
129 62.79217364995969
130 62.5
131 62.214499605428074
132 61.93552004888021
133 61.662912394210096
134 61.39653110697771
135 61.13623397675424
136 60.88188204120155
137 60.633339511885694
138 60.39047370178485
139 60.153154954452944
140 59.92125657480125
141 59.69465476146084
142 59.47322854068999
143 59.25685970179103
144 59.04543273400236
145 58.838834764831844
146 58.6369554997986
147 58.43968716355119
148 58.246924442330595
149 58.05856442774737
150 57.874506561842956
151 57.69465258340573
152 57.518906475513226
153 57.34717441427256
154 57.17936471873147
155 57.015387801933585
156 56.85515612309141
157 56.698584140851835
158 56.545588267628915
159 56.39608682497985
160 56.25
161 56.10724980271404
162 55.9677600244401
163 55.83145619710505
164 55.69826555348885
165 55.56811698837712
166 55.440941020600775
167 55.31666975594285
168 55.19523685089243
169 55.07657747722647
170 54.960628287400624
171 54.84732738073042
172 54.736614270344994
173 54.628429850895515
174 54.52271636700118
175 54.41941738241592
176 54.3184777498993
177 54.21984358177559
178 54.1234622211653
179 54.029282213873685
180 53.93725328092148
181 53.84732629170286
182 53.75945323775662
183 53.67358720713628
184 53.58968235936573
185 53.50769390096679
186 53.42757806154571
187 53.34929207042592
188 53.27279413381446
189 53.19804341248992
190 53.125
191 53.05362490135702
192 52.983880012220055
193 52.91572809855252
194 52.849132776744426
195 52.784058494188564
196 52.72047051030039
197 52.65833487797143
198 52.597618425446214
199 52.53828873861323
