20 100.0
21 98.8579984217123
22 97.74208019552083
23 96.65164957684037
24 95.58612442791085
25 94.54493590701696
26 93.5275281648062
27 92.53335804754278
28 91.5618948071394
29 90.61261981781178
30 89.68502629920499
31 88.77861904584336
32 87.89291416275995
33 87.02743880716412
34 86.18173093600944
35 85.35533905932738
36 84.5478219991944
37 83.75874865420475
38 82.98769776932235
39 82.23425771098948
40 81.49802624737183
41 80.77861033362291
42 80.07562590205292
43 79.38869765709022
44 78.71745887492588
45 78.06155120773433
46 77.42062449236565
47 76.79433656340733
48 76.18235307051566
49 75.58434729991937
50 75.0
51 74.42899921085615
52 73.87104009776041
53 73.32582478842019
54 72.79306221395542
55 72.27246795350848
56 71.7637640824031
57 71.26667902377139
58 70.7809474035697
59 70.30630990890589
60 69.8425131496025
61 69.38930952292168
62 68.94645708137998
63 68.51371940358206
64 68.09086546800472
65 67.67766952966369
66 67.2739109995972
67 66.87937432710237
68 66.49384888466118
69 66.11712885549474
70 65.74901312368591
71 65.38930516681145
72 65.03781295102647
73 64.69434882854512
74 64.35872943746294
75 64.03077560386717
76 63.71031224618282
77 63.397168281703664
78 63.09117653525784
79 62.79217364995969
80 62.5
81 62.214499605428074
82 61.93552004888021
83 61.662912394210096
84 61.39653110697771
85 61.13623397675424
86 60.88188204120155
87 60.633339511885694
88 60.39047370178485
89 60.153154954452944
90 59.92125657480125
91 59.69465476146084
92 59.47322854068999
93 59.25685970179103
94 59.04543273400236
95 58.838834764831844
96 58.6369554997986
97 58.43968716355119
98 58.246924442330595
99 58.05856442774737
100 57.874506561842956
101 57.69465258340573
102 57.518906475513226
103 57.34717441427256
104 57.17936471873147
105 57.015387801933585
106 56.85515612309141
107 56.698584140851835
108 56.545588267628915
109 56.39608682497985
110 56.25
111 56.10724980271404
112 55.9677600244401
113 55.83145619710505
114 55.69826555348885
115 55.56811698837712
116 55.440941020600775
117 55.31666975594285
118 55.19523685089243
119 55.07657747722647
120 54.960628287400624
121 54.84732738073042
122 54.736614270344994
123 54.628429850895515
124 54.52271636700118
125 54.41941738241592
126 54.3184777498993
127 54.21984358177559
128 54.1234622211653
129 54.029282213873685
130 53.93725328092148
131 53.84732629170286
132 53.75945323775662
133 53.67358720713628
134 53.58968235936573
135 53.50769390096679
136 53.42757806154571
137 53.34929207042592
138 53.27279413381446
139 53.19804341248992
140 53.125
141 53.05362490135702
142 52.983880012220055
143 52.91572809855252
144 52.849132776744426
145 52.784058494188564
146 52.72047051030039
147 52.65833487797143
148 52.597618425446214
149 52.53828873861323
150 52.48031414370031
151 52.42366369036521
152 52.3683071351725
153 52.31421492544776
154 52.26135818350059
155 52.209708691207965
156 52.15923887494965
157 52.109921790887796
158 52.06173111058265
159 52.01464110693684
160 51.96862664046074
161 51.923663145851435
162 51.87972661887831
163 51.83679360356814
164 51.79484117968287
165 51.75384695048339
166 51.71378903077285
167 51.67464603521296
168 51.63639706690723
169 51.59902170624496
170 51.5625
171 51.52681245067851
172 51.49194000611003
173 51.45786404927626
174 51.42456638837221
175 51.39202924709428
176 51.360235255150194
177 51.32916743898571
178 51.29880921272311
179 51.269144369306616
180 51.240157071850156
181 51.21183184518261
182 51.18415356758625
183 51.15710746272388
184 51.130679091750295
185 51.10485434560398
186 51.079619437474825
187 51.0549608954439
188 51.03086555529132
189 51.007320553468425
190 50.98431332023037
191 50.96183157292572
192 50.939863309439154
193 50.91839680178407
194 50.89742058984143
195 50.876923475241696
196 50.85689451538643
197 50.83732301760648
198 50.81819853345362
199 50.79951085312248
