40 100.0
41 98.8579984217123
42 97.74208019552083
43 96.65164957684037
44 95.58612442791085
45 94.54493590701696
46 93.5275281648062
47 92.53335804754278
48 91.5618948071394
49 90.61261981781178
50 89.68502629920499
51 88.77861904584336
52 87.89291416275995
53 87.02743880716412
54 86.18173093600944
55 85.35533905932738
56 84.5478219991944
57 83.75874865420475
58 82.98769776932235
59 82.23425771098948
60 81.49802624737183
61 80.77861033362291
62 80.07562590205292
63 79.38869765709022
64 78.71745887492588
65 78.06155120773433
66 77.42062449236565
67 76.79433656340733
68 76.18235307051566
69 75.58434729991937
70 75.0
71 74.42899921085615
72 73.87104009776041
73 73.32582478842019
74 72.79306221395542
75 72.27246795350848
76 71.7637640824031
77 71.26667902377139
78 70.7809474035697
79 70.30630990890589
80 69.8425131496025
81 69.38930952292168
82 68.94645708137998
83 68.51371940358206
84 68.09086546800472
85 67.67766952966369
86 67.2739109995972
87 66.87937432710237
88 66.49384888466118
89 66.11712885549474
90 65.74901312368591
91 65.38930516681145
92 65.03781295102647
93 64.69434882854512
94 64.35872943746294
95 64.03077560386717
96 63.71031224618282
97 63.397168281703664
98 63.09117653525784
99 62.79217364995969
100 62.5
101 62.214499605428074
102 61.93552004888021
103 61.662912394210096
104 61.39653110697771
105 61.13623397675424
106 60.88188204120155
107 60.633339511885694
108 60.39047370178485
109 60.153154954452944
110 59.92125657480125
111 59.69465476146084
112 59.47322854068999
113 59.25685970179103
114 59.04543273400236
115 58.838834764831844
116 58.6369554997986
117 58.43968716355119
118 58.246924442330595
119 58.05856442774737
120 57.874506561842956
121 57.69465258340573
122 57.518906475513226
123 57.34717441427256
124 57.17936471873147
125 57.015387801933585
126 56.85515612309141
127 56.698584140851835
128 56.545588267628915
129 56.39608682497985
130 56.25
131 56.10724980271404
132 55.9677600244401
133 55.83145619710505
134 55.69826555348885
135 55.56811698837712
136 55.440941020600775
137 55.31666975594285
138 55.19523685089243
139 55.07657747722647
140 54.960628287400624
141 54.84732738073042
142 54.736614270344994
143 54.628429850895515
144 54.52271636700118
145 54.41941738241592
146 54.3184777498993
147 54.21984358177559
148 54.1234622211653
149 54.029282213873685
150 53.93725328092148
151 53.84732629170286
152 53.75945323775662
153 53.67358720713628
154 53.58968235936573
155 53.50769390096679
156 53.42757806154571
157 53.34929207042592
158 53.27279413381446
159 53.19804341248992
160 53.125
161 53.05362490135702
162 52.983880012220055
163 52.91572809855252
164 52.849132776744426
165 52.784058494188564
166 52.72047051030039
167 52.65833487797143
168 52.597618425446214
169 52.53828873861323
170 52.48031414370031
171 52.42366369036521
172 52.3683071351725
173 52.31421492544776
174 52.26135818350059
175 52.209708691207965
176 52.15923887494965
177 52.109921790887796
178 52.06173111058265
179 52.01464110693684
180 51.96862664046074
181 51.923663145851435
182 51.87972661887831
183 51.83679360356814
184 51.79484117968287
185 51.75384695048339
186 51.71378903077285
187 51.67464603521296
188 51.63639706690723
189 51.59902170624496
190 51.5625
191 51.52681245067851
192 51.49194000611003
193 51.45786404927626
194 51.42456638837221
195 51.39202924709428
196 51.360235255150194
197 51.32916743898571
198 51.29880921272311
199 51.269144369306616
