60 100.0
61 98.8579984217123
62 97.74208019552083
63 96.65164957684037
64 95.58612442791085
65 94.54493590701696
66 93.5275281648062
67 92.53335804754278
68 91.5618948071394
69 90.61261981781178
70 89.68502629920499
71 88.77861904584336
72 87.89291416275995
73 87.02743880716412
74 86.18173093600944
75 85.35533905932738
76 84.5478219991944
77 83.75874865420475
78 82.98769776932235
79 82.23425771098948
80 81.49802624737183
81 80.77861033362291
82 80.07562590205292
83 79.38869765709022
84 78.71745887492588
85 78.06155120773433
86 77.42062449236565
87 76.79433656340733
88 76.18235307051566
89 75.58434729991937
90 75.0
91 74.42899921085615
92 73.87104009776041
93 73.32582478842019
94 72.79306221395542
95 72.27246795350848
96 71.7637640824031
97 71.26667902377139
98 70.7809474035697
99 70.30630990890589
100 69.8425131496025
101 69.38930952292168
102 68.94645708137998
103 68.51371940358206
104 68.09086546800472
105 67.67766952966369
106 67.2739109995972
107 66.87937432710237
108 66.49384888466118
109 66.11712885549474
110 65.74901312368591
111 65.38930516681145
112 65.03781295102647
113 64.69434882854512
114 64.35872943746294
115 64.03077560386717
116 63.71031224618282
117 63.397168281703664
118 63.09117653525784
119 62.79217364995969
120 62.5
121 62.214499605428074
122 61.93552004888021
123 61.662912394210096
124 61.39653110697771
125 61.13623397675424
126 60.88188204120155
127 60.633339511885694
128 60.39047370178485
129 60.153154954452944
130 59.92125657480125
131 59.69465476146084
132 59.47322854068999
133 59.25685970179103
134 59.04543273400236
135 58.838834764831844
136 58.6369554997986
137 58.43968716355119
138 58.246924442330595
139 58.05856442774737
140 57.874506561842956
141 57.69465258340573
142 57.518906475513226
143 57.34717441427256
144 57.17936471873147
145 57.015387801933585
146 56.85515612309141
147 56.698584140851835
148 56.545588267628915
149 56.39608682497985
150 56.25
151 56.10724980271404
152 55.9677600244401
153 55.83145619710505
154 55.69826555348885
155 55.56811698837712
156 55.440941020600775
157 55.31666975594285
158 55.19523685089243
159 55.07657747722647
160 54.960628287400624
161 54.84732738073042
162 54.736614270344994
163 54.628429850895515
164 54.52271636700118
165 54.41941738241592
166 54.3184777498993
167 54.21984358177559
168 54.1234622211653
169 54.029282213873685
170 53.93725328092148
171 53.84732629170286
172 53.75945323775662
173 53.67358720713628
174 53.58968235936573
175 53.50769390096679
176 53.42757806154571
177 53.34929207042592
178 53.27279413381446
179 53.19804341248992
180 53.125
181 53.05362490135702
182 52.983880012220055
183 52.91572809855252
184 52.849132776744426
185 52.784058494188564
186 52.72047051030039
187 52.65833487797143
188 52.597618425446214
189 52.53828873861323
190 52.48031414370031
191 52.42366369036521
192 52.3683071351725
193 52.31421492544776
194 52.26135818350059
195 52.209708691207965
196 52.15923887494965
197 52.109921790887796
198 52.06173111058265
199 52.01464110693684
