0 1.0
1 1.0
2 1.0
3 1.0
4 1.0
5 1.0
6 1.0
7 1.0
8 1.0
9 1.0
10 0.4728102584003537
11 0.473141225012725
12 0.4734716881727814
13 0.4738015610422793
14 0.4741307574073735
15 0.4744591917677481
16 0.4747867794241543
17 0.4751134365641708
18 0.47543908034600224
19 0.47576362898014685
20 0.669282333622964
21 0.6692489477102106
22 0.669215652439313
23 0.6691824562906792
24 0.6691493676415591
25 0.6691163947578523
26 0.6690835457861579
27 0.669050828746082
28 0.669018251522818
29 0.6689858218600122
30 0.47571660451820535
31 0.4760401529262749
32 0.47636245753065043
33 0.47668343997428575
34 0.47700302324437976
35 0.47732113174150176
36 0.4776376913457452
37 0.4779526294798022
38 0.47826587516886016
39 0.4785773590972315
40 0.604146860485316
41 0.6040894206993761
42 0.6040322627622157
43 0.603975399745734
44 0.6039188444307051
45 0.6038626092966342
46 0.6038067065122205
47 0.6037511479264354
48 0.6036959450602297
49 0.6036411090988744
50 0.47830261195464574
51 0.47861388414553463
52 0.47892331913431146
53 0.47923085129043724
54 0.4795364167973168
55 0.479839953694798
56 0.4801414019181311
57 0.4804407033333678
58 0.4807378017691916
59 0.48103264304518073
60 0.5766217119261121
61 0.5765448109425478
62 0.5764684352853663
63 0.5763925997638585
64 0.5763173186923671
65 0.5762426058829496
66 0.5761684746389428
67 0.5760949377494203
68 0.5760220074845427
69 0.5759496955917818
70 0.48056487481087873
71 0.4808610384022898
72 0.48115492283298633
73 0.4814464767851824
74 0.48173565098565607
75 0.4820223982219693
76 0.4823066733552412
77 0.4825884333295313
78 0.4828676371778907
79 0.48314424602515227
80 0.48341822308753196
81 0.4836895336691278
82 0.4839581451554001
83 0.4842240270037321
84 0.48448715073116627
85 0.4847474898994221
86 0.48500502009730356
87 0.4852597189206067
88 0.4855115659496428
89 0.4857605427244941
90 0.48600663271812033
91 0.48624982130743855
92 0.48649009574249646
93 0.4867274451138618
94 0.48696186031835104
95 0.4871933340232198
96 0.4874218606289346
97 0.4876474362306499
98 0.4878700585785063
99 0.48808972703687004
100 0.4883064425426281
101 0.4885202075626517
102 0.48873102605054014
103 0.4889389034027518
104 0.48914384641422737
105 0.48934586323360746
106 0.48954496331814196
107 0.48974115738838647
108 0.48993445738277697
109 0.49012487641216945
110 0.49031242871442887
111 0.490497129609146
112 0.49067899545255894
113 0.4908580435927504
114 0.49103429232518836
115 0.491207760848674
116 0.4913784692217572
117 0.4915464383196746
118 0.49171168979186297
119 0.4918742460200954
120 0.49203413007728547
121 0.4921913656869996
122 0.49234597718371514
123 0.49249798947385715
124 0.492647427997645
125 0.49279431869177515
126 0.4929386879529649
127 0.49308056260237526
128 0.49321996985093436
129 0.49335693726557384
130 0.49349149273639
131 0.4936236644447422
132 0.4937534808322925
133 0.4938809705709935
134 0.4940061625340255
135 0.4941290857676858
136 0.49424976946422544
137 0.4943682429356332
138 0.49448453558836
139 0.4945986768989776
140 0.4947106963907645
141 0.49482062361120704
142 0.49492848811040835
143 0.4950343194203896
144 0.4951381470352741
145 0.49524000039233707
146 0.4953399088539088
147 0.4954379016901137
148 0.49553400806242975
149 0.495628257008052
150 0.49572067742504017
151 0.49581129805823604
152 0.4959001474859288
153 0.49598725410725153
154 0.4960726461302901
155 0.49615635156088317
156 0.4962383981920965
157 0.4963188135943508
158 0.4963976251061839
159 0.4964748598256275
160 0.49655054460217923
161 0.4966247060293517
162 0.4966973704377769
163 0.49676856388884955
164 0.4968383121688887
165 0.4969066407837996
166 0.4969735749542177
167 0.497039139611115
168 0.4971033593918538
169 0.49716625863666675
170 0.4972278613855492
171 0.4972881913755442
172 0.4973472720384053
173 0.49740512649862045
174 0.49746177757178073
175 0.4975172477632788
176 0.49757155926732216
177 0.49762473396624557
178 0.4976767934301095
179 0.4977277589165705
180 0.49777765137100816
181 0.4978264914268979
182 0.49787429940641637
183 0.49792109532126494
184 0.497966898873702
185 0.4980117294577716
186 0.4980556061607158
187 0.49809854776456286
188 0.4981405727478774
189 0.4981816992876644
190 0.49822194526141894
191 0.49826132824930736
192 0.4982998655364766
193 0.4983375741154781
194 0.49837447068880236
195 0.49841057167151226
196 0.4984458931939697
197 0.49848045110464784
198 0.4985142609730219
199 0.49854733809253104
