0 0
1 0
2 0
3 0
4 0
5 0
6 0
7 0
8 0
9 0
10 0
11 0
12 0
13 0
14 0
15 0
16 0
17 0
18 0
19 0
20 0
21 0
22 0
23 0
24 0
25 0
26 0
27 0
28 0
29 0
30 0.28886451622742454
31 0.28834669110016
32 0.2878308566265042
33 0.28731713821349497
34 0.28680565911676426
35 0.28629654032990653
36 0.2857899004786021
37 0.285285855719669
38 0.28478451964520246
39 0.28428600319193936
40 0.2155757571031136
41 0.21536001120159992
42 0.2151453239342377
43 0.21493174439954982
44 0.21471932060258334
45 0.21450809941680932
46 0.2142981265482981
47 0.2140894465022137
48 0.21388210255166168
49 0.21367613670892074
50 0.16916215556039915
51 0.16912635510858132
52 0.16909076595949984
53 0.16905539566154168
54 0.16902025155446618
55 0.1689853407645167
56 0.16895067019994042
57 0.1689162465469164
58 0.16888207626589483
59 0.16884816558834662
60 0.1377980947826377
61 0.13787301010083727
62 0.1379474136571413
63 0.13802129102465044
64 0.13809462825863353
65 0.13816741190367496
66 0.13823962899994496
67 0.13831126708859656
68 0.1383823142162984
69 0.13845275893891068
70 0.1155958201929358
71 0.1157391264818757
72 0.11588132994091567
73 0.11602240573863913
74 0.11616233003294422
75 0.11630107997889146
76 0.11643863373488492
77 0.11657497046721223
78 0.11671007035297301
79 0.11684391458142843
80 0.11697648535380875
81 0.11710776588161902
82 0.1172377403834844
83 0.11736639408058272
84 0.11749371319071021
85 0.11761968492103228
86 0.11774429745957056
87 0.117867539965481
88 0.11798940255817769
89 0.11810987630535966
90 0.11822895320999806
91 0.11834662619634215
92 0.11846288909500306
93 0.11857773662717447
94 0.11869116438804946
95 0.118803168829493
96 0.11891374724202841
97 0.1190228977361968
98 0.11913061922334647
99 0.11923691139590989
100 0.11934177470722361
101 0.11944521035094602
102 0.11954722024012679
103 0.11964780698597954
104 0.11974697387640926
105 0.11984472485434303
106 0.11994106449591178
107 0.12003599798852918
108 0.12012953110891116
109 0.12022167020107898
110 0.12031242215438584
111 0.12040179438160553
112 0.12048979479712
113 0.1205764317952405
114 0.1206617142286946
115 0.1207456513873108
116 0.12082825297692876
117 0.12090952909856292
118 0.120989490227844
119 0.1210681471947624
120 0.12114551116373441
121 0.12122159361401125
122 0.12129640632044887
123 0.12136996133465476
124 0.12144227096652631
125 0.12151334776619407
126 0.12158320450638122
127 0.12165185416518896
128 0.12171930990931724
129 0.12178558507772722
130 0.12185069316575166
131 0.12191464780965827
132 0.12197746277166892
133 0.1220391519254373
134 0.1220997292419864
135 0.12215920877610612
136 0.12221760465320987
137 0.12227493105664919
138 0.12233120221548356
139 0.12238643239270224
140 0.1224406358738946
141 0.12249382695636377
142 0.12254601993867888
143 0.12259722911065982
144 0.12264746874378853
145 0.12269675308203963
146 0.12274509633312372
147 0.1227925126601351
148 0.12283901617359698
149 0.12288462092389485
150 0.12292934089409019
151 0.12297318999310608
152 0.12301618204927481
153 0.12305833080423954
154 0.12309964990720028
155 0.12314015290949457
156 0.12317985325950441
157 0.12321876429787945
158 0.12325689925306665
159 0.12329427123713814
160 0.12333089324190655
161 0.12336677813531945
162 0.12340193865812314
163 0.12343638742078648
164 0.12347013690067607
165 0.1235031994394731
166 0.12353558724082363
167 0.12356731236821288
168 0.12359838674305539
169 0.12362882214299202
170 0.12365863020038617
171 0.12368782240101009
172 0.12371641008291384
173 0.12374440443546932
174 0.12377181649858074
175 0.12379865716205496
176 0.1238249371651239
177 0.12385066709611203
178 0.12387585739224197
179 0.1239005183395716
180 0.12392466007305573
181 0.12394829257672656
182 0.12397142568398618
183 0.12399406907800548
184 0.12401623229222351
185 0.12403792471094183
186 0.1240591555700083
187 0.12407993395758501
188 0.1241002688149956
189 0.12412016893764655
190 0.12413964297601855
191 0.12415869943672252
192 0.12417734668361641
193 0.12419559293897874
194 0.12421344628473441
195 0.12423091466372922
196 0.1242480058810492
197 0.12426472760538139
198 0.12428108737041244
199 0.12429709257626204
