0 0
1 0
2 0
3 0
4 0
5 0
6 0
7 0
8 0
9 0
10 0
11 0
12 0
13 0
14 0
15 0
16 0
17 0
18 0
19 0
20 0
21 0
22 0
23 0
24 0
25 0
26 0
27 0
28 0
29 0
30 0
31 0
32 0
33 0
34 0
35 0
36 0
37 0
38 0
39 0
40 0
41 0
42 0
43 0
44 0
45 0
46 0
47 0
48 0
49 0
50 0
51 0
52 0
53 0
54 0
55 0
56 0
57 0
58 0
59 0
60 0
61 0
62 0
63 0
64 0
65 0
66 0
67 0
68 0
69 0
70 0.1655092507128571
71 0.16489194750231703
72 0.1642793948190773
73 0.16367169962643513
74 0.16306896462613607
75 0.16247128822456938
76 0.16187876450614275
77 0.1612914832137252
78 0.1607095297360332
79 0.1601329851018169
80 0.15956192598068875
81 0.15899642469042363
82 0.1584365492105451
83 0.15788236320200275
84 0.15733392603273272
85 0.1567912928088853
86 0.15625451441149418
87 0.1557236375383556
88 0.15519870475087733
89 0.1546797545256545
90 0.15416682131052348
91 0.15365993558484192
92 0.15315912392374198
93 0.1526644090661008
94 0.1521758099859735
95 0.15169334196723339
96 0.15121701668116613
97 0.1507468422667661
98 0.15028282341348664
99 0.14982496144619933
100 0.1493732544121211
101 0.1489276971694735
102 0.1484882814776436
103 0.14805499608862133
104 0.14762782683949505
105 0.14720675674579364
106 0.1467917660954698
107 0.1463828325433278
108 0.1459799312057052
109 0.14558303475522705
110 0.14519211351545797
111 0.14480713555528657
112 0.14442806678288456
113 0.1440548710390904
114 0.1436875101900773
115 0.1433259442191721
116 0.14297013131770014
117 0.14262002797474047
118 0.1422755890656825
119 0.14193676793948318
120 0.14160351650453354
121 0.14127578531304802
122 0.14095352364390035
123 0.1406366795838351
124 0.14032520010699245
125 0.14001903115268907
126 0.13971811770140677
127 0.1394224038489445
128 0.13913183287869754
129 0.13884634733203255
130 0.13856588907673245
131 0.13829039937349227
132 0.13801981894044948
133 0.13775408801573996
134 0.13749314641807328
135 0.13723693360532702
136 0.13698538873116198
137 0.13673845069966606
138 0.13649605821803662
139 0.13625814984731546
140 0.136024664051193
141 0.13579553924290155
142 0.1355707138302201
143 0.1353501262586154
144 0.1351337150525468
145 0.13492141885496323
146 0.1347131764650243
147 0.13450892687407698
148 0.13430860929992325
149 0.13411216321941288
150 0.13391952839939864
151 0.1337306449260911
152 0.13354545323285147
153 0.13336389412646135
154 0.13318590881190917
155 0.13301143891573286
156 0.13284042650795969
157 0.1326728141226832
158 0.132508544777318
159 0.13234756199057338
160 0.1321898097991854
161 0.13203523277344884
162 0.13188377603158824
163 0.13173538525300815
164 0.13159000669046209
165 0.1314475871811789
166 0.131308074156985
167 0.13117141565346052
168 0.1310375603181666
169 0.13090645741798024
170 0.13077805684557345
171 0.13065230912507106
172 0.1305291654169223
173 0.13040857752202026
174 0.13029049788510141
175 0.13017487959745874
176 0.1300616763989986
177 0.12995084267967316
178 0.1298423334803177
179 0.12973610449292197
180 0.12963211206036374
181 0.1295303131756321
182 0.12943066548056745
183 0.12933312726414284
184 0.129237657460313
185 0.12914421564545436
186 0.12905276203541952
187 0.12896325748222903
188 0.12887566347042215
189 0.12878994211308709
190 0.12870605614759212
191 0.12862396893103592
192 0.12854364443543648
193 0.12846504724267663
194 0.12838814253922368
195 0.12831289611063917
196 0.1282392743358957
197 0.12816724418151532
198 0.12809677319554488
199 0.128027829501382
