0 0
1 0
2 0
3 0
4 0
5 0
6 0
7 0
8 0
9 0
10 0.5575066659755579
11 0.557506665975558
12 0.5575066659755579
13 0.5575066659755579
14 0.5575066659755579
15 0.5575066659755579
16 0.5575066659755579
17 0.5575066659755579
18 0.5575066659755579
19 0.5575066659755579
20 0.32748000207332634
21 0.32748000207332634
22 0.32748000207332634
23 0.3274800020733263
24 0.3274800020733263
25 0.32748000207332634
26 0.3274800020733263
27 0.3274800020733263
28 0.32748000207332634
29 0.3274800020733263
30 0.21546975315306086
31 0.21546975315306086
32 0.21546975315306086
33 0.21546975315306083
34 0.21546975315306088
35 0.21546975315306088
36 0.21546975315306088
37 0.21546975315306086
38 0.21546975315306083
39 0.21546975315306086
40 0.15057921890023301
41 0.15057921890023304
42 0.150579218900233
43 0.150579218900233
44 0.15057921890023301
45 0.15057921890023301
46 0.15057921890023307
47 0.15057921890023301
48 0.150579218900233
49 0.15057921890023301
50 0.10916000069110877
51 0.10916000069110877
52 0.10916000069110877
53 0.10916000069110877
54 0.10916000069110876
55 0.10916000069110877
56 0.10916000069110879
57 0.10916000069110876
58 0.10916000069110876
59 0.10916000069110877
60 0.08106574323493282
61 0.08106574323493285
62 0.08106574323493283
63 0.08106574323493283
64 0.08106574323493285
65 0.08106574323493285
66 0.08106574323493282
67 0.08106574323493282
68 0.08106574323493286
69 0.08106574323493285
70 0.061215744071568344
71 0.06121574407156835
72 0.06121574407156836
73 0.06121574407156834
74 0.06121574407156836
75 0.061215744071568365
76 0.06121574407156835
77 0.061215744071568344
78 0.061215744071568344
79 0.061215744071568344
80 0.06121574407156836
81 0.06121574407156836
82 0.06121574407156836
83 0.061215744071568344
84 0.06121574407156836
85 0.06121574407156836
86 0.06121574407156836
87 0.06121574407156837
88 0.06121574407156835
89 0.061215744071568344
90 0.06121574407156835
91 0.06121574407156836
92 0.061215744071568344
93 0.06121574407156835
94 0.06121574407156836
95 0.06121574407156834
96 0.06121574407156836
97 0.06121574407156835
98 0.061215744071568344
99 0.06121574407156836
100 0.06121574407156836
101 0.06121574407156835
102 0.06121574407156836
103 0.06121574407156835
104 0.061215744071568344
105 0.06121574407156836
106 0.06121574407156835
107 0.06121574407156834
108 0.061215744071568344
109 0.06121574407156835
110 0.06121574407156836
111 0.061215744071568365
112 0.06121574407156836
113 0.06121574407156832
114 0.06121574407156836
115 0.061215744071568344
116 0.06121574407156833
117 0.061215744071568344
118 0.06121574407156834
119 0.06121574407156833
120 0.06121574407156835
121 0.06121574407156835
122 0.061215744071568344
123 0.06121574407156835
124 0.06121574407156835
125 0.06121574407156835
126 0.061215744071568365
127 0.061215744071568344
128 0.06121574407156836
129 0.06121574407156836
130 0.061215744071568344
131 0.06121574407156836
132 0.06121574407156835
133 0.06121574407156835
134 0.061215744071568365
135 0.061215744071568344
136 0.06121574407156835
137 0.061215744071568365
138 0.061215744071568344
139 0.061215744071568344
140 0.06121574407156836
141 0.061215744071568344
142 0.06121574407156836
143 0.06121574407156836
144 0.061215744071568344
145 0.061215744071568344
146 0.06121574407156836
147 0.061215744071568344
148 0.06121574407156834
149 0.06121574407156836
150 0.06121574407156835
151 0.06121574407156834
152 0.06121574407156836
153 0.06121574407156835
154 0.06121574407156837
155 0.06121574407156835
156 0.06121574407156836
157 0.06121574407156835
158 0.06121574407156836
159 0.06121574407156834
160 0.06121574407156836
161 0.06121574407156836
162 0.06121574407156834
163 0.061215744071568365
164 0.061215744071568344
165 0.06121574407156834
166 0.06121574407156837
167 0.06121574407156836
168 0.061215744071568344
169 0.06121574407156837
170 0.061215744071568344
171 0.061215744071568344
172 0.06121574407156836
173 0.06121574407156836
174 0.06121574407156832
175 0.06121574407156836
176 0.061215744071568344
177 0.06121574407156834
178 0.061215744071568365
179 0.06121574407156836
180 0.06121574407156834
181 0.06121574407156836
182 0.061215744071568344
183 0.06121574407156834
184 0.06121574407156836
185 0.06121574407156837
186 0.061215744071568344
187 0.06121574407156835
188 0.06121574407156837
189 0.06121574407156834
190 0.061215744071568365
191 0.061215744071568365
192 0.06121574407156833
193 0.06121574407156835
194 0.061215744071568365
195 0.06121574407156834
196 0.06121574407156836
197 0.061215744071568365
198 0.06121574407156834
199 0.06121574407156835
