0 0
1 0
2 0
3 0
4 0
5 0
6 0
7 0
8 0
9 0
10 0
11 0
12 0
13 0
14 0
15 0
16 0
17 0
18 0
19 0
20 0
21 0
22 0
23 0
24 0
25 0
26 0
27 0
28 0
29 0
30 0
31 0
32 0
33 0
34 0
35 0
36 0
37 0
38 0
39 0
40 0
41 0
42 0
43 0
44 0
45 0
46 0
47 0
48 0
49 0
50 0.27506596535453365
51 0.2750659653545337
52 0.27506596535453365
53 0.27506596535453365
54 0.27506596535453365
55 0.2750659653545337
56 0.2750659653545337
57 0.27506596535453365
58 0.27506596535453365
59 0.2750659653545337
60 0.20427287265412958
61 0.20427287265412958
62 0.20427287265412958
63 0.20427287265412958
64 0.20427287265412958
65 0.20427287265412958
66 0.20427287265412952
67 0.20427287265412955
68 0.20427287265412963
69 0.20427287265412952
70 0.15425400908149248
71 0.1542540090814925
72 0.1542540090814925
73 0.15425400908149248
74 0.1542540090814925
75 0.1542540090814925
76 0.15425400908149253
77 0.15425400908149248
78 0.15425400908149245
79 0.1542540090814925
80 0.1542540090814925
81 0.1542540090814925
82 0.1542540090814925
83 0.15425400908149248
84 0.1542540090814925
85 0.1542540090814925
86 0.15425400908149253
87 0.15425400908149253
88 0.15425400908149248
89 0.15425400908149248
90 0.1542540090814925
91 0.15425400908149248
92 0.1542540090814925
93 0.1542540090814925
94 0.15425400908149248
95 0.15425400908149248
96 0.1542540090814925
97 0.15425400908149248
98 0.1542540090814925
99 0.1542540090814925
100 0.15425400908149248
101 0.1542540090814925
102 0.1542540090814925
103 0.15425400908149248
104 0.1542540090814925
105 0.15425400908149253
106 0.15425400908149248
107 0.15425400908149248
108 0.1542540090814925
109 0.15425400908149253
110 0.1542540090814925
111 0.1542540090814925
112 0.15425400908149253
113 0.15425400908149245
114 0.1542540090814925
115 0.15425400908149253
116 0.15425400908149248
117 0.15425400908149248
118 0.1542540090814925
119 0.15425400908149248
120 0.1542540090814925
121 0.1542540090814925
122 0.1542540090814925
123 0.1542540090814925
124 0.1542540090814925
125 0.15425400908149248
126 0.1542540090814925
127 0.1542540090814925
128 0.1542540090814925
129 0.1542540090814925
130 0.15425400908149253
131 0.1542540090814925
132 0.15425400908149248
133 0.1542540090814925
134 0.1542540090814925
135 0.15425400908149245
136 0.1542540090814925
137 0.1542540090814925
138 0.15425400908149245
139 0.15425400908149253
140 0.15425400908149253
141 0.15425400908149248
142 0.15425400908149253
143 0.1542540090814925
144 0.15425400908149245
145 0.15425400908149253
146 0.1542540090814925
147 0.15425400908149245
148 0.1542540090814925
149 0.1542540090814925
150 0.1542540090814925
151 0.15425400908149253
152 0.1542540090814925
153 0.15425400908149248
154 0.1542540090814925
155 0.15425400908149248
156 0.15425400908149248
157 0.1542540090814925
158 0.1542540090814925
159 0.15425400908149242
160 0.1542540090814925
161 0.15425400908149253
162 0.15425400908149245
163 0.1542540090814925
164 0.15425400908149248
165 0.15425400908149253
166 0.15425400908149253
167 0.1542540090814925
168 0.15425400908149253
169 0.15425400908149253
170 0.15425400908149248
171 0.15425400908149253
172 0.1542540090814925
173 0.1542540090814925
174 0.1542540090814925
175 0.1542540090814925
176 0.15425400908149248
177 0.15425400908149253
178 0.1542540090814925
179 0.15425400908149248
180 0.15425400908149253
181 0.1542540090814925
182 0.1542540090814925
183 0.1542540090814925
184 0.15425400908149248
185 0.15425400908149245
186 0.1542540090814925
187 0.1542540090814925
188 0.15425400908149248
189 0.1542540090814925
190 0.15425400908149253
191 0.15425400908149245
192 0.1542540090814925
193 0.15425400908149248
194 0.15425400908149253
195 0.1542540090814925
196 0.1542540090814925
197 0.1542540090814925
198 0.1542540090814925
199 0.15425400908149248
