0 60.0
1 58.62959810605476
2 57.29049623462499
3 55.981979492208445
4 54.70334931349301
5 53.45392308842035
6 52.23303379776745
7 51.04002965705134
8 49.874273768567264
9 48.735143781374134
10 47.622031559045986
11 46.53434285501204
12 45.471496995311945
13 44.43292656859693
14 43.41807712321135
15 42.42640687119285
16 41.45738639903328
17 40.5104983850457
18 39.58523732318683
19 38.68110925318737
20 37.79763149684619
21 36.934332400347486
22 36.0907510824635
23 35.26643718850826
24 34.460950649911055
25 33.67386144928119
26 32.90474939083878
27 32.153203876088796
28 31.4188236846188
29 30.70121675990325
30 30.0
31 29.31479905302738
32 28.645248117312498
33 27.990989746104223
34 27.351674656746507
35 26.72696154421018
36 26.116516898883727
37 25.520014828525674
38 24.937136884283632
39 24.367571890687067
40 23.811015779522993
41 23.26717142750602
42 22.735748497655972
43 22.216463284298467
44 21.709038561605674
45 21.213203435596427
46 20.728693199516645
47 20.25524919252285
48 19.792618661593416
49 19.34055462659369
50 18.898815748423097
51 18.467166200173743
52 18.045375541231753
53 17.63321859425413
54 17.230475324955528
55 16.8369307246406
56 16.452374695419387
57 16.076601938044398
58 15.709411842309404
59 15.350608379951629
60 15.0
61 14.65739952651369
62 14.32262405865625
63 13.995494873052111
64 13.675837328373253
65 13.363480772105092
66 13.058258449441862
67 12.760007414262837
68 12.468568442141818
69 12.183785945343534
70 11.905507889761497
71 11.63358571375301
72 11.367874248827988
73 11.108231642149233
74 10.854519280802839
75 10.606601717798215
76 10.364346599758322
77 10.127624596261427
78 9.89630933079671
79 9.670277313296845
80 9.44940787421155
81 9.233583100086873
82 9.022687770615875
83 8.816609297127068
84 8.615237662477766
85 8.418465362320298
86 8.226187347709695
87 8.0383009690222
88 7.8547059211547
89 7.675304189975814
90 7.500000000000002
91 7.328699763256845
92 7.161312029328126
93 6.997747436526057
94 6.837918664186626
95 6.681740386052547
96 6.529129224720932
97 6.380003707131418
98 6.23428422107091
99 6.091892972671768
100 5.952753944880748
101 5.816792856876506
102 5.683937124413993
103 5.554115821074616
104 5.427259640401419
105 5.303300858899107
106 5.18217329987916
107 5.063812298130713
108 4.948154665398354
109 4.835138656648422
110 4.724703937105775
111 4.616791550043437
112 4.511343885307937
113 4.408304648563534
114 4.307618831238882
115 4.209232681160151
116 4.1130936738548485
117 4.0191504845111
118 3.927352960577352
119 3.837652094987907
120 3.75
121 3.6643498816284237
122 3.5806560146640627
123 3.4988737182630283
124 3.4189593320933143
125 3.340870193026273
126 3.264564612360466
127 3.19000185356571
128 3.117142110535455
129 3.0459464863358834
130 2.976376972440375
131 2.9083964284382526
132 2.8419685622069966
133 2.777057910537309
134 2.7136298202007096
135 2.6516504294495533
136 2.591086649939581
137 2.5319061490653567
138 2.474077332699177
139 2.4175693283242117
140 2.3623519685528875
141 2.308395775021718
142 2.2556719426539695
143 2.204152324281767
144 2.153809415619442
145 2.104616340580075
146 2.056546836927424
147 2.0095752422555506
148 1.9636764802886755
149 1.9188260474939531
150 1.8750000000000009
151 1.8321749408142116
152 1.7903280073320313
153 1.7494368591315148
154 1.709479666046657
155 1.6704350965131363
156 1.6322823061802336
157 1.5950009267828549
158 1.5585710552677272
159 1.5229732431679424
160 1.4881884862201873
161 1.4541982142191263
162 1.4209842811034987
163 1.3885289552686544
164 1.3568149101003546
165 1.325825214724777
166 1.2955433249697905
167 1.2659530745326781
168 1.237038666349589
169 1.2087846641621058
170 1.1811759842764435
171 1.1541978875108594
172 1.1278359713269845
173 1.1020761621408832
174 1.076904707809721
175 1.0523081702900379
176 1.028273418463712
177 1.0047876211277753
178 0.9818382401443382
179 0.9594130237469766
180 0.9375000000000004
181 0.9160874704071061
182 0.8951640036660156
183 0.8747184295657573
184 0.8547398330233288
185 0.8352175482565681
186 0.8161411530901167
187 0.7975004633914278
188 0.7792855276338635
189 0.7614866215839711
190 0.744094243110094
191 0.7270991071095632
192 0.7104921405517494
193 0.6942644776343274
194 0.6784074550501773
195 0.6629126073623886
196 0.6477716624848954
197 0.6329765372663391
198 0.6185193331747944
199 0.6043923320810531
