0 20.0
1 19.543199368684917
2 19.09683207820833
3 18.660659830736147
4 18.234449771164336
5 17.817974362806787
6 17.411011265922482
7 17.013343219017113
8 16.624757922855757
9 16.245047927124713
10 15.874010519681995
11 15.511447618337346
12 15.157165665103982
13 14.810975522865643
14 14.472692374403781
15 14.142135623730951
16 13.81912879967776
17 13.503499461681901
18 13.195079107728944
19 12.893703084395792
20 12.599210498948732
21 12.311444133449163
22 12.030250360821167
23 11.755479062836088
24 11.48698354997035
25 11.22462048309373
26 10.96824979694626
27 10.717734625362931
28 10.472941228206267
29 10.233738919967749
30 10.0
31 9.77159968434246
32 9.548416039104167
33 9.330329915368074
34 9.11722488558217
35 8.908987181403393
36 8.705505632961243
37 8.506671609508558
38 8.312378961427878
39 8.122523963562356
40 7.937005259840998
41 7.755723809168673
42 7.578582832551991
43 7.405487761432822
44 7.236346187201891
45 7.0710678118654755
46 6.909564399838882
47 6.751749730840951
48 6.597539553864472
49 6.446851542197897
50 6.299605249474366
51 6.155722066724581
52 6.0151251804105845
53 5.877739531418044
54 5.743491774985175
55 5.612310241546866
56 5.484124898473129
57 5.358867312681466
58 5.236470614103135
59 5.116869459983876
60 5.0
61 4.88579984217123
62 4.774208019552083
63 4.665164957684037
64 4.558612442791085
65 4.454493590701698
66 4.352752816480621
67 4.253335804754279
68 4.156189480713939
69 4.061261981781178
70 3.968502629920499
71 3.877861904584337
72 3.7892914162759963
73 3.702743880716411
74 3.618173093600946
75 3.5355339059327386
76 3.454782199919441
77 3.3758748654204758
78 3.298769776932237
79 3.2234257710989485
80 3.1498026247371835
81 3.077861033362291
82 3.007562590205292
83 2.9388697657090224
84 2.8717458874925885
85 2.8061551207734325
86 2.742062449236565
87 2.6794336563407333
88 2.6182353070515667
89 2.558434729991938
90 2.5000000000000004
91 2.442899921085615
92 2.387104009776042
93 2.332582478842019
94 2.279306221395542
95 2.2272467953508492
96 2.1763764082403108
97 2.126667902377139
98 2.07809474035697
99 2.030630990890589
100 1.9842513149602494
101 1.9389309522921687
102 1.8946457081379977
103 1.8513719403582052
104 1.809086546800473
105 1.7677669529663689
106 1.72739109995972
107 1.6879374327102379
108 1.649384888466118
109 1.611712885549474
110 1.5749013123685918
111 1.5389305166811456
112 1.503781295102646
113 1.4694348828545112
114 1.4358729437462938
115 1.4030775603867167
116 1.371031224618283
117 1.3397168281703666
118 1.309117653525784
119 1.279217364995969
120 1.25
121 1.221449960542808
122 1.1935520048880208
123 1.1662912394210094
124 1.1396531106977714
125 1.1136233976754244
126 1.0881882041201554
127 1.06333395118857
128 1.039047370178485
129 1.0153154954452945
130 0.992125657480125
131 0.9694654761460842
132 0.9473228540689989
133 0.925685970179103
134 0.9045432734002365
135 0.8838834764831844
136 0.8636955499798603
137 0.8439687163551189
138 0.824692444233059
139 0.8058564427747372
140 0.7874506561842959
141 0.7694652583405727
142 0.7518906475513232
143 0.7347174414272556
144 0.7179364718731472
145 0.7015387801933582
146 0.6855156123091413
147 0.6698584140851835
148 0.6545588267628919
149 0.6396086824979843
150 0.6250000000000002
151 0.6107249802714039
152 0.5967760024440104
153 0.5831456197105049
154 0.5698265553488856
155 0.5568116988377121
156 0.5440941020600778
157 0.531666975594285
158 0.5195236850892424
159 0.5076577477226475
160 0.49606282874006247
161 0.4847327380730421
162 0.4736614270344996
163 0.46284298508955146
164 0.45227163670011816
165 0.4419417382415924
166 0.43184777498993016
167 0.4219843581775594
168 0.41234622211652966
169 0.4029282213873686
170 0.3937253280921479
171 0.3847326291702865
172 0.37594532377566153
173 0.36735872071362774
174 0.3589682359365736
175 0.3507693900966793
176 0.34275780615457063
177 0.33492920704259177
178 0.32727941338144606
179 0.31980434124899215
180 0.3125000000000001
181 0.30536249013570205
182 0.2983880012220052
183 0.2915728098552524
184 0.2849132776744429
185 0.27840584941885604
186 0.2720470510300389
187 0.26583348779714255
188 0.2597618425446212
189 0.2538288738613237
190 0.24803141437003132
191 0.24236636903652103
192 0.2368307135172498
193 0.23142149254477581
194 0.22613581835005908
195 0.2209708691207962
196 0.21592388749496513
197 0.2109921790887797
198 0.2061731110582648
199 0.20146411069368436
