0 100.0
1 97.71599684342459
2 95.48416039104166
3 93.30329915368074
4 91.17224885582168
5 89.08987181403393
6 87.05505632961241
7 85.06671609508557
8 83.12378961427878
9 81.22523963562355
10 79.37005259840998
11 77.55723809168673
12 75.78582832551992
13 74.05487761432822
14 72.3634618720189
15 70.71067811865476
16 69.0956439983888
17 67.5174973084095
18 65.97539553864472
19 64.46851542197895
20 162.99605249474365
21 159.2732175106704
22 155.6354121951475
23 152.08069446786118
24 148.60716660567343
25 145.21297422950258
26 141.89630531434372
27 138.65538922190024
28 135.4884957553101
29 132.3939342354623
30 129.37005259840998
31 126.41523651339904
32 123.52790852104074
33 120.70652719116859
34 117.94958629992975
35 115.25561402567172
36 112.62317216319501
37 110.0508553559523
38 107.5372903457841
39 105.08113523979073
40 202.68107879394864
41 198.05183655651376
42 193.52832635790745
43 189.1081332750253
44 184.7888975416829
45 180.56831328882996
46 176.4441273135381
47 172.41413787610497
48 168.4761935246325
49 164.62819194645178
50 160.8680788457818
51 157.19384684702192
52 153.60353442309366
53 150.0952248482588
54 146.66704517485562
55 143.31716523340606
56 140.04379665556064
57 136.84519191935962
58 133.7196434162998
59 130.66548253971013
60 227.68107879394864
61 222.4808357673699
62 217.39936645566786
63 212.43395806344546
64 207.5819597556383
65 202.84078124233844
66 198.20789139594123
67 193.6808168998764
68 189.25714092820215
69 184.93450185535767
70 180.7105919953843
71 176.58315636994362
72 172.54999150447364
73 168.60894425184085
74 164.75791064286034
75 160.99483476306975
76 157.31770765515785
77 153.72456624646202
78 150.21349230096098
79 146.78261139520487
80 143.43009191763457
81 140.1541440907568
82 136.95301901565267
83 133.82500773830984
84 130.76844033727957
85 127.78168503217168
86 124.86314731251164
87 122.01126908649447
88 119.22452784918123
89 116.50143586969381
90 113.84053939697432
91 111.24041788368497
92 108.69968322783393
93 106.21697903172273
94 103.79097987781917
95 101.42039062116925
96 99.10394569797062
97 96.8404084499382
98 94.6285704641011
99 92.46725092767883
100 90.35529599769217
101 88.29157818497183
102 86.27499575223683
103 84.30447212592043
104 82.37895532143017
105 80.49741738153487
106 78.65885382757892
107 76.86228312323101
108 75.10674615048049
109 73.39130569760243
110 71.71504595881729
111 70.0770720453784
112 68.47650950782634
113 66.91250386915493
114 65.38422016863979
115 63.890842516085854
116 62.43157365625582
117 61.00563454324724
118 59.61226392459062
119 58.25071793484691
120 56.92026969848717
121 55.62020894184249
122 54.349841613916965
123 53.10848951586137
124 51.895489938909584
125 50.710195310584616
126 49.5519728489853
127 48.420204224969105
128 47.314285232050544
129 46.23362546383942
130 45.17764799884608
131 44.14578909248591
132 43.13749787611842
133 42.15223606296021
134 41.18947766071509
135 40.248708690767444
136 39.329426913789476
137 38.431141561615505
138 37.553373075240245
139 36.69565284880122
140 35.85752297940865
141 35.0385360226892
142 34.23825475391317
143 33.45625193457746
144 32.6921100843199
145 31.94542125804292
146 31.21578682812791
147 30.502817271623623
148 29.806131962295307
149 29.125358967423452
150 28.460134849243587
151 27.810104470921246
152 27.174920806958486
153 26.55424475793069
154 25.94774496945479
155 25.35509765529231
156 24.775986424492658
157 24.21010211248455
158 23.657142616025276
159 23.116812731919715
160 22.58882399942304
161 22.072894546242956
162 21.56874893805921
163 21.076118031480107
164 20.59473883035755
165 20.124354345383722
166 19.664713456894734
167 19.215570780807752
168 18.776686537620122
169 18.34782642440061
170 17.928761489704325
171 17.5192680113446
172 17.119127376956584
173 16.728125967288733
174 16.34605504215995
175 15.972710629021464
176 15.607893414063959
177 15.251408635811812
178 14.903065981147655
179 14.56267948371173
180 14.230067424621792
181 13.905052235460623
182 13.587460403479245
183 13.277122378965345
184 12.973872484727398
185 12.677548827646156
186 12.387993212246329
187 12.105051056242278
188 11.828571308012638
189 11.558406365959856
190 11.29441199971152
191 11.036447273121478
192 10.784374469029604
193 10.538059015740057
194 10.297369415178775
195 10.062177172691861
196 9.832356728447369
197 9.607785390403876
198 9.388343268810061
199 9.173913212200308
