70 100.0
71 97.71599684342459
72 95.48416039104166
73 93.30329915368074
74 91.17224885582168
75 89.08987181403393
76 87.05505632961241
77 85.06671609508557
78 83.12378961427878
79 81.22523963562355
80 79.37005259840998
81 77.55723809168673
82 75.78582832551992
83 74.05487761432822
84 72.3634618720189
85 70.71067811865476
86 69.0956439983888
87 67.5174973084095
88 65.97539553864472
89 64.46851542197895
90 62.99605249474366
91 61.557220667245815
92 60.15125180410583
93 58.77739531418044
94 57.434917749851756
95 56.12310241546865
96 54.84124898473131
97 53.588673126814655
98 52.364706141031334
99 51.16869459983875
100 50.0
101 48.8579984217123
102 47.74208019552083
103 46.65164957684037
104 45.586124427910846
105 44.54493590701697
106 43.52752816480621
107 42.53335804754279
108 41.56189480713939
109 40.612619817811776
110 39.68502629920499
111 38.778619045843364
112 37.89291416275996
113 37.02743880716411
114 36.18173093600945
115 35.35533905932738
116 34.547821999194404
117 33.75874865420475
118 32.98769776932236
119 32.23425771098948
120 31.49802624737183
121 30.778610333622908
122 30.07562590205292
123 29.38869765709022
124 28.717458874925878
125 28.061551207734333
126 27.420624492365647
127 26.794336563407327
128 26.182353070515674
129 25.58434729991938
130 25.0
131 24.42899921085615
132 23.871040097760417
133 23.325824788420185
134 22.793062213955423
135 22.27246795350849
136 21.763764082403103
137 21.266679023771395
138 20.780947403569698
139 20.306309908905888
140 19.842513149602496
141 19.389309522921685
142 18.94645708137998
143 18.513719403582055
144 18.09086546800473
145 17.677669529663692
146 17.273910999597202
147 16.87937432710238
148 16.493848884661183
149 16.11712885549474
150 15.749013123685918
151 15.389305166811457
152 15.037812951026458
153 14.694348828545111
154 14.35872943746294
155 14.030775603867163
156 13.710312246182827
157 13.397168281703667
158 13.091176535257834
159 12.79217364995969
160 12.500000000000004
161 12.214499605428076
162 11.93552004888021
163 11.662912394210094
164 11.39653110697771
165 11.136233976754244
166 10.881882041201553
167 10.633339511885696
168 10.390473701784849
169 10.153154954452946
170 9.921256574801248
171 9.694654761460844
172 9.47322854068999
173 9.256859701791026
174 9.045432734002365
175 8.838834764831844
176 8.6369554997986
177 8.43968716355119
178 8.24692444233059
179 8.058564427747369
180 7.874506561842959
181 7.694652583405729
182 7.518906475513229
183 7.347174414272556
184 7.1793647187314695
185 7.015387801933584
186 6.855156123091414
187 6.698584140851834
188 6.545588267628919
189 6.396086824979845
190 6.25
191 6.10724980271404
192 5.967760024440104
193 5.831456197105047
194 5.6982655534888575
195 5.568116988377122
196 5.440941020600777
197 5.316669755942851
198 5.1952368508924245
199 5.076577477226472
