0 0.3333333333333333
1 0.3333333333333333
2 0.3333333333333333
3 0.33333333333333337
4 0.33333333333333337
5 0.3333333333333333
6 0.33333333333333326
7 0.33333333333333326
8 0.33333333333333337
9 0.3333333333333333
10 0.3333333333333333
11 0.3333333333333333
12 0.3333333333333333
13 0.3333333333333333
14 0.3333333333333333
15 0.3333333333333333
16 0.33333333333333337
17 0.33333333333333337
18 0.3333333333333333
19 0.33333333333333337
20 0.3333333333333333
21 0.3333333333333333
22 0.3333333333333333
23 0.33333333333333337
24 0.3333333333333333
25 0.33333333333333337
26 0.3333333333333333
27 0.3333333333333333
28 0.3333333333333333
29 0.33333333333333337
30 0.3333333333333333
31 0.33333333333333337
32 0.33333333333333337
33 0.33333333333333337
34 0.3333333333333333
35 0.3333333333333333
36 0.3333333333333333
37 0.3333333333333333
38 0.33333333333333337
39 0.33333333333333337
40 0.33333333333333337
41 0.3333333333333333
42 0.3333333333333333
43 0.3333333333333333
44 0.3333333333333333
45 0.3333333333333333
46 0.33333333333333337
47 0.33333333333333326
48 0.3333333333333333
49 0.3333333333333333
50 0.3333333333333333
51 0.33333333333333326
52 0.33333333333333337
53 0.33333333333333337
54 0.33333333333333337
55 0.33333333333333337
56 0.3333333333333333
57 0.3333333333333333
58 0.3333333333333333
59 0.33333333333333337
60 0.3333333333333333
61 0.3333333333333333
62 0.33333333333333337
63 0.33333333333333337
64 0.33333333333333337
65 0.3333333333333333
66 0.33333333333333326
67 0.3333333333333333
68 0.33333333333333337
69 0.33333333333333337
70 0.3333333333333333
71 0.3333333333333333
72 0.3333333333333333
73 0.3333333333333333
74 0.3333333333333333
75 0.33333333333333337
76 0.3333333333333333
77 0.3333333333333333
78 0.3333333333333333
79 0.33333333333333326
80 0.33333333333333337
81 0.3333333333333333
82 0.33333333333333337
83 0.3333333333333333
84 0.33333333333333337
85 0.33333333333333337
86 0.3333333333333333
87 0.3333333333333333
88 0.33333333333333326
89 0.3333333333333333
90 0.3333333333333333
91 0.3333333333333333
92 0.3333333333333333
93 0.3333333333333333
94 0.33333333333333326
95 0.3333333333333333
96 0.3333333333333333
97 0.3333333333333333
98 0.33333333333333337
99 0.3333333333333333
100 0.33333333333333326
101 0.3333333333333333
102 0.33333333333333337
103 0.3333333333333333
104 0.3333333333333333
105 0.33333333333333337
106 0.33333333333333326
107 0.3333333333333333
108 0.33333333333333337
109 0.3333333333333333
110 0.33333333333333337
111 0.33333333333333337
112 0.3333333333333333
113 0.33333333333333337
114 0.3333333333333333
115 0.33333333333333337
116 0.33333333333333337
117 0.3333333333333333
118 0.3333333333333333
119 0.33333333333333337
120 0.3333333333333333
121 0.3333333333333333
122 0.3333333333333333
123 0.3333333333333333
124 0.33333333333333326
125 0.33333333333333337
126 0.33333333333333337
127 0.3333333333333333
128 0.33333333333333337
129 0.3333333333333333
130 0.3333333333333333
131 0.3333333333333333
132 0.3333333333333333
133 0.3333333333333333
134 0.3333333333333333
135 0.33333333333333337
136 0.3333333333333333
137 0.3333333333333333
138 0.33333333333333337
139 0.33333333333333337
140 0.3333333333333333
141 0.3333333333333333
142 0.3333333333333333
143 0.3333333333333333
144 0.3333333333333333
145 0.3333333333333333
146 0.33333333333333337
147 0.3333333333333333
148 0.33333333333333337
149 0.33333333333333337
150 0.3333333333333333
151 0.3333333333333333
152 0.33333333333333337
153 0.33333333333333337
154 0.3333333333333333
155 0.33333333333333337
156 0.33333333333333337
157 0.3333333333333333
158 0.3333333333333333
159 0.3333333333333333
160 0.33333333333333337
161 0.33333333333333337
162 0.3333333333333333
163 0.3333333333333333
164 0.3333333333333333
165 0.33333333333333337
166 0.33333333333333337
167 0.33333333333333337
168 0.3333333333333333
169 0.33333333333333337
170 0.3333333333333333
171 0.3333333333333333
172 0.3333333333333333
173 0.3333333333333333
174 0.3333333333333333
175 0.3333333333333333
176 0.33333333333333337
177 0.3333333333333333
178 0.33333333333333337
179 0.33333333333333337
180 0.3333333333333333
181 0.3333333333333333
182 0.33333333333333337
183 0.33333333333333337
184 0.33333333333333337
185 0.3333333333333333
186 0.3333333333333333
187 0.3333333333333333
188 0.3333333333333333
189 0.3333333333333333
190 0.33333333333333337
191 0.3333333333333333
192 0.3333333333333333
193 0.33333333333333337
194 0.3333333333333333
195 0.33333333333333337
196 0.3333333333333333
197 0.33333333333333326
198 0.3333333333333333
199 0.3333333333333333
