0 0.13333333333333333
1 0.13333333333333333
2 0.13333333333333333
3 0.13333333333333336
4 0.13333333333333333
5 0.13333333333333333
6 0.1333333333333333
7 0.13333333333333333
8 0.13333333333333333
9 0.13333333333333336
10 0.13333333333333333
11 0.13333333333333333
12 0.13333333333333333
13 0.13333333333333333
14 0.13333333333333333
15 0.13333333333333333
16 0.13333333333333333
17 0.13333333333333333
18 0.13333333333333333
19 0.13333333333333336
20 0.13333333333333333
21 0.13333333333333333
22 0.13333333333333333
23 0.13333333333333333
24 0.13333333333333333
25 0.13333333333333333
26 0.13333333333333333
27 0.13333333333333333
28 0.13333333333333333
29 0.13333333333333333
30 0.13333333333333333
31 0.13333333333333336
32 0.13333333333333336
33 0.13333333333333333
34 0.13333333333333333
35 0.13333333333333333
36 0.13333333333333333
37 0.13333333333333333
38 0.13333333333333333
39 0.13333333333333336
40 0.13333333333333336
41 0.13333333333333333
42 0.13333333333333333
43 0.13333333333333333
44 0.13333333333333333
45 0.13333333333333333
46 0.13333333333333336
47 0.13333333333333333
48 0.13333333333333333
49 0.13333333333333333
50 0.13333333333333333
51 0.13333333333333333
52 0.13333333333333336
53 0.13333333333333333
54 0.13333333333333333
55 0.13333333333333333
56 0.13333333333333333
57 0.1333333333333333
58 0.13333333333333333
59 0.13333333333333333
60 0.13333333333333333
61 0.13333333333333333
62 0.13333333333333336
63 0.13333333333333333
64 0.13333333333333333
65 0.13333333333333333
66 0.1333333333333333
67 0.13333333333333333
68 0.13333333333333336
69 0.13333333333333336
70 0.13333333333333333
71 0.13333333333333333
72 0.13333333333333333
73 0.13333333333333333
74 0.13333333333333333
75 0.13333333333333333
76 0.13333333333333333
77 0.1333333333333333
78 0.13333333333333333
79 0.1333333333333333
80 0.13333333333333336
81 0.1333333333333333
82 0.13333333333333336
83 0.13333333333333333
84 0.13333333333333333
85 0.13333333333333333
86 0.13333333333333333
87 0.13333333333333333
88 0.1333333333333333
89 0.13333333333333333
90 0.13333333333333333
91 0.13333333333333333
92 0.13333333333333333
93 0.13333333333333333
94 0.13333333333333333
95 0.13333333333333333
96 0.13333333333333336
97 0.13333333333333333
98 0.13333333333333336
99 0.13333333333333333
100 0.1333333333333333
101 0.13333333333333333
102 0.13333333333333333
103 0.13333333333333333
104 0.13333333333333333
105 0.13333333333333333
106 0.1333333333333333
107 0.13333333333333336
108 0.13333333333333333
109 0.1333333333333333
110 0.13333333333333336
111 0.13333333333333333
112 0.13333333333333333
113 0.13333333333333336
114 0.13333333333333333
115 0.13333333333333336
116 0.13333333333333333
117 0.13333333333333333
118 0.13333333333333333
119 0.13333333333333333
120 0.13333333333333333
121 0.13333333333333333
122 0.1333333333333333
123 0.13333333333333333
124 0.13333333333333333
125 0.13333333333333333
126 0.13333333333333333
127 0.13333333333333333
128 0.13333333333333333
129 0.13333333333333333
130 0.1333333333333333
131 0.13333333333333333
132 0.13333333333333333
133 0.13333333333333333
134 0.13333333333333333
135 0.13333333333333336
136 0.1333333333333333
137 0.13333333333333333
138 0.13333333333333333
139 0.13333333333333336
140 0.13333333333333333
141 0.13333333333333333
142 0.13333333333333333
143 0.13333333333333333
144 0.13333333333333333
145 0.13333333333333336
146 0.13333333333333336
147 0.13333333333333333
148 0.13333333333333336
149 0.13333333333333336
150 0.13333333333333333
151 0.1333333333333333
152 0.13333333333333333
153 0.13333333333333336
154 0.13333333333333333
155 0.13333333333333336
156 0.13333333333333336
157 0.13333333333333333
158 0.13333333333333333
159 0.13333333333333333
160 0.13333333333333336
161 0.13333333333333333
162 0.13333333333333333
163 0.13333333333333333
164 0.13333333333333333
165 0.13333333333333333
166 0.13333333333333333
167 0.13333333333333336
168 0.13333333333333333
169 0.13333333333333336
170 0.13333333333333333
171 0.13333333333333333
172 0.13333333333333333
173 0.13333333333333333
174 0.13333333333333333
175 0.13333333333333333
176 0.13333333333333333
177 0.13333333333333333
178 0.13333333333333333
179 0.13333333333333336
180 0.13333333333333333
181 0.13333333333333336
182 0.13333333333333333
183 0.13333333333333333
184 0.13333333333333333
185 0.13333333333333333
186 0.13333333333333333
187 0.13333333333333333
188 0.13333333333333333
189 0.13333333333333333
190 0.13333333333333336
191 0.13333333333333333
192 0.13333333333333333
193 0.13333333333333333
194 0.13333333333333333
195 0.13333333333333336
196 0.13333333333333333
197 0.13333333333333333
198 0.13333333333333333
199 0.13333333333333333
