0 0.06666666666666667
1 0.06666666666666667
2 0.06666666666666667
3 0.06666666666666668
4 0.06666666666666667
5 0.06666666666666667
6 0.06666666666666665
7 0.06666666666666667
8 0.06666666666666667
9 0.06666666666666668
10 0.06666666666666667
11 0.06666666666666667
12 0.06666666666666667
13 0.06666666666666667
14 0.06666666666666667
15 0.06666666666666667
16 0.06666666666666667
17 0.06666666666666667
18 0.06666666666666667
19 0.06666666666666668
20 0.06666666666666667
21 0.06666666666666667
22 0.06666666666666667
23 0.06666666666666667
24 0.06666666666666667
25 0.06666666666666667
26 0.06666666666666667
27 0.06666666666666667
28 0.06666666666666667
29 0.06666666666666667
30 0.06666666666666667
31 0.06666666666666668
32 0.06666666666666668
33 0.06666666666666667
34 0.06666666666666667
35 0.06666666666666667
36 0.06666666666666667
37 0.06666666666666667
38 0.06666666666666667
39 0.06666666666666668
40 0.06666666666666668
41 0.06666666666666667
42 0.06666666666666667
43 0.06666666666666667
44 0.06666666666666667
45 0.06666666666666667
46 0.06666666666666668
47 0.06666666666666667
48 0.06666666666666667
49 0.06666666666666667
50 0.06666666666666667
51 0.06666666666666667
52 0.06666666666666668
53 0.06666666666666667
54 0.06666666666666667
55 0.06666666666666667
56 0.06666666666666667
57 0.06666666666666665
58 0.06666666666666667
59 0.06666666666666667
60 0.06666666666666667
61 0.06666666666666667
62 0.06666666666666668
63 0.06666666666666667
64 0.06666666666666667
65 0.06666666666666667
66 0.06666666666666665
67 0.06666666666666667
68 0.06666666666666668
69 0.06666666666666668
70 0.06666666666666667
71 0.06666666666666667
72 0.06666666666666667
73 0.06666666666666667
74 0.06666666666666667
75 0.06666666666666667
76 0.06666666666666667
77 0.06666666666666665
78 0.06666666666666667
79 0.06666666666666665
80 0.06666666666666668
81 0.06666666666666665
82 0.06666666666666668
83 0.06666666666666667
84 0.06666666666666667
85 0.06666666666666667
86 0.06666666666666667
87 0.06666666666666667
88 0.06666666666666665
89 0.06666666666666667
90 0.06666666666666667
91 0.06666666666666667
92 0.06666666666666667
93 0.06666666666666667
94 0.06666666666666667
95 0.06666666666666667
96 0.06666666666666668
97 0.06666666666666667
98 0.06666666666666668
99 0.06666666666666667
100 0.06666666666666665
101 0.06666666666666667
102 0.06666666666666667
103 0.06666666666666667
104 0.06666666666666667
105 0.06666666666666667
106 0.06666666666666665
107 0.06666666666666668
108 0.06666666666666667
109 0.06666666666666665
110 0.06666666666666668
111 0.06666666666666667
112 0.06666666666666667
113 0.06666666666666668
114 0.06666666666666667
115 0.06666666666666668
116 0.06666666666666667
117 0.06666666666666667
118 0.06666666666666667
119 0.06666666666666667
120 0.06666666666666667
121 0.06666666666666667
122 0.06666666666666665
123 0.06666666666666667
124 0.06666666666666667
125 0.06666666666666667
126 0.06666666666666667
127 0.06666666666666667
128 0.06666666666666667
129 0.06666666666666667
130 0.06666666666666665
131 0.06666666666666667
132 0.06666666666666667
133 0.06666666666666667
134 0.06666666666666667
135 0.06666666666666668
136 0.06666666666666665
137 0.06666666666666667
138 0.06666666666666667
139 0.06666666666666668
140 0.06666666666666667
141 0.06666666666666667
142 0.06666666666666667
143 0.06666666666666667
144 0.06666666666666667
145 0.06666666666666668
146 0.06666666666666668
147 0.06666666666666667
148 0.06666666666666668
149 0.06666666666666668
150 0.06666666666666667
151 0.06666666666666665
152 0.06666666666666667
153 0.06666666666666668
154 0.06666666666666667
155 0.06666666666666668
156 0.06666666666666668
157 0.06666666666666667
158 0.06666666666666667
159 0.06666666666666667
160 0.06666666666666668
161 0.06666666666666667
162 0.06666666666666667
163 0.06666666666666667
164 0.06666666666666667
165 0.06666666666666667
166 0.06666666666666667
167 0.06666666666666668
168 0.06666666666666667
169 0.06666666666666668
170 0.06666666666666667
171 0.06666666666666667
172 0.06666666666666667
173 0.06666666666666667
174 0.06666666666666667
175 0.06666666666666667
176 0.06666666666666667
177 0.06666666666666667
178 0.06666666666666667
179 0.06666666666666668
180 0.06666666666666667
181 0.06666666666666668
182 0.06666666666666667
183 0.06666666666666667
184 0.06666666666666667
185 0.06666666666666667
186 0.06666666666666667
187 0.06666666666666667
188 0.06666666666666667
189 0.06666666666666667
190 0.06666666666666668
191 0.06666666666666667
192 0.06666666666666667
193 0.06666666666666667
194 0.06666666666666667
195 0.06666666666666668
196 0.06666666666666667
197 0.06666666666666667
198 0.06666666666666667
199 0.06666666666666667
