0 0
1 0
2 0
3 0
4 0
5 0
6 0
7 0
8 0
9 0
10 0
11 0
12 0
13 0
14 0
15 0
16 0
17 0
18 0
19 0
20 0.6135117904356907
21 0.6135117904356906
22 0.6135117904356906
23 0.6135117904356906
24 0.6135117904356906
25 0.6135117904356906
26 0.6135117904356906
27 0.6135117904356906
28 0.6135117904356906
29 0.6135117904356906
30 0.6135117904356907
31 0.6135117904356906
32 0.6135117904356907
33 0.6135117904356907
34 0.6135117904356906
35 0.6135117904356906
36 0.6135117904356906
37 0.6135117904356906
38 0.6135117904356907
39 0.6135117904356906
40 0.3108136826071823
41 0.3108136826071823
42 0.3108136826071823
43 0.3108136826071823
44 0.3108136826071823
45 0.3108136826071823
46 0.31081368260718234
47 0.3108136826071823
48 0.31081368260718223
49 0.31081368260718234
50 0.3108136826071823
51 0.31081368260718234
52 0.31081368260718223
53 0.3108136826071823
54 0.31081368260718234
55 0.3108136826071823
56 0.3108136826071824
57 0.3108136826071823
58 0.31081368260718223
59 0.31081368260718223
60 0.17430094107696995
61 0.17430094107696992
62 0.17430094107696995
63 0.17430094107696995
64 0.17430094107696992
65 0.17430094107696992
66 0.17430094107696992
67 0.17430094107696992
68 0.17430094107696995
69 0.17430094107696992
70 0.17430094107696992
71 0.17430094107696992
72 0.17430094107696992
73 0.17430094107696992
74 0.17430094107696995
75 0.17430094107696995
76 0.17430094107696992
77 0.17430094107696986
78 0.17430094107696992
79 0.17430094107696995
80 0.10269888904473995
81 0.10269888904473996
82 0.10269888904473996
83 0.10269888904473995
84 0.10269888904473996
85 0.10269888904473998
86 0.10269888904473994
87 0.10269888904473996
88 0.10269888904473996
89 0.10269888904473995
90 0.10269888904473996
91 0.10269888904473996
92 0.10269888904473996
93 0.10269888904473998
94 0.10269888904473996
95 0.10269888904473996
96 0.10269888904473998
97 0.10269888904473998
98 0.10269888904473996
99 0.10269888904473996
100 0.10269888904473996
101 0.10269888904473996
102 0.10269888904473994
103 0.10269888904473998
104 0.10269888904473998
105 0.10269888904473996
106 0.10269888904473998
107 0.10269888904473996
108 0.10269888904473994
109 0.10269888904473998
110 0.10269888904473998
111 0.10269888904473996
112 0.10269888904473998
113 0.10269888904473995
114 0.10269888904473994
115 0.10269888904473996
116 0.10269888904473995
117 0.10269888904473994
118 0.10269888904473995
119 0.10269888904473996
120 0.10269888904473995
121 0.10269888904473999
122 0.10269888904473996
123 0.10269888904473994
124 0.10269888904473996
125 0.10269888904473994
126 0.10269888904473995
127 0.10269888904473995
128 0.10269888904473995
129 0.10269888904473994
130 0.10269888904473996
131 0.10269888904473996
132 0.10269888904473994
133 0.10269888904473998
134 0.10269888904473996
135 0.10269888904473996
136 0.10269888904473998
137 0.10269888904473996
138 0.10269888904473996
139 0.10269888904473996
140 0.10269888904473994
141 0.10269888904473999
142 0.10269888904473996
143 0.10269888904473996
144 0.10269888904473998
145 0.10269888904473996
146 0.10269888904473995
147 0.10269888904473999
148 0.10269888904473995
149 0.10269888904473995
150 0.10269888904473996
151 0.10269888904473995
152 0.10269888904473995
153 0.10269888904473996
154 0.10269888904473996
155 0.10269888904473994
156 0.10269888904473996
157 0.10269888904473995
158 0.10269888904473994
159 0.10269888904473996
160 0.10269888904473995
161 0.10269888904473992
162 0.10269888904473998
163 0.10269888904473998
164 0.10269888904473998
165 0.10269888904473996
166 0.10269888904473996
167 0.10269888904473996
168 0.10269888904473996
169 0.10269888904473995
170 0.10269888904473996
171 0.10269888904473998
172 0.10269888904473995
173 0.10269888904473998
174 0.10269888904473998
175 0.10269888904473994
176 0.10269888904473998
177 0.10269888904473998
178 0.10269888904473995
179 0.10269888904473998
180 0.10269888904473995
181 0.10269888904473994
182 0.10269888904473996
183 0.10269888904473998
184 0.10269888904473992
185 0.10269888904473998
186 0.10269888904473998
187 0.10269888904473994
188 0.10269888904473998
189 0.10269888904473998
190 0.10269888904473992
191 0.10269888904473996
192 0.10269888904473995
193 0.10269888904473994
194 0.10269888904473998
195 0.10269888904473998
196 0.10269888904473994
197 0.10269888904473996
198 0.10269888904474
199 0.10269888904473992
