0 0
1 0
2 0
3 0
4 0
5 0
6 0
7 0
8 0
9 0
10 0
11 0
12 0
13 0
14 0
15 0
16 0
17 0
18 0
19 0
20 0
21 0
22 0
23 0
24 0
25 0
26 0
27 0
28 0
29 0
30 0
31 0
32 0
33 0
34 0
35 0
36 0
37 0
38 0
39 0
40 0
41 0
42 0
43 0
44 0
45 0
46 0
47 0
48 0
49 0
50 0
51 0
52 0
53 0
54 0
55 0
56 0
57 0
58 0
59 0
60 0.43921084935872073
61 0.43921084935872073
62 0.4392108493587207
63 0.43921084935872073
64 0.4392108493587207
65 0.4392108493587207
66 0.4392108493587207
67 0.4392108493587207
68 0.43921084935872073
69 0.43921084935872073
70 0.43921084935872073
71 0.4392108493587207
72 0.43921084935872073
73 0.43921084935872073
74 0.43921084935872073
75 0.4392108493587207
76 0.4392108493587207
77 0.4392108493587207
78 0.4392108493587207
79 0.43921084935872057
80 0.2587849842165717
81 0.2587849842165717
82 0.2587849842165717
83 0.2587849842165717
84 0.2587849842165717
85 0.2587849842165717
86 0.2587849842165717
87 0.2587849842165717
88 0.2587849842165717
89 0.2587849842165717
90 0.2587849842165717
91 0.2587849842165717
92 0.2587849842165717
93 0.2587849842165717
94 0.2587849842165717
95 0.2587849842165717
96 0.25878498421657176
97 0.2587849842165717
98 0.25878498421657165
99 0.2587849842165717
100 0.2587849842165717
101 0.25878498421657165
102 0.2587849842165717
103 0.2587849842165717
104 0.2587849842165717
105 0.2587849842165717
106 0.25878498421657176
107 0.2587849842165717
108 0.2587849842165717
109 0.2587849842165717
110 0.2587849842165717
111 0.2587849842165717
112 0.2587849842165717
113 0.2587849842165717
114 0.2587849842165717
115 0.25878498421657176
116 0.25878498421657165
117 0.25878498421657165
118 0.2587849842165717
119 0.25878498421657176
120 0.25878498421657165
121 0.2587849842165717
122 0.25878498421657176
123 0.2587849842165717
124 0.2587849842165717
125 0.25878498421657176
126 0.2587849842165717
127 0.25878498421657165
128 0.2587849842165717
129 0.2587849842165717
130 0.2587849842165717
131 0.2587849842165717
132 0.2587849842165717
133 0.2587849842165717
134 0.25878498421657176
135 0.25878498421657165
136 0.2587849842165717
137 0.25878498421657176
138 0.2587849842165717
139 0.2587849842165717
140 0.2587849842165717
141 0.25878498421657176
142 0.2587849842165717
143 0.25878498421657176
144 0.2587849842165717
145 0.25878498421657165
146 0.2587849842165717
147 0.2587849842165717
148 0.25878498421657165
149 0.25878498421657176
150 0.2587849842165717
151 0.2587849842165717
152 0.25878498421657176
153 0.25878498421657165
154 0.25878498421657165
155 0.25878498421657176
156 0.2587849842165717
157 0.25878498421657165
158 0.2587849842165717
159 0.2587849842165717
160 0.25878498421657165
161 0.2587849842165717
162 0.2587849842165717
163 0.2587849842165717
164 0.2587849842165717
165 0.25878498421657165
166 0.25878498421657165
167 0.2587849842165717
168 0.2587849842165717
169 0.2587849842165716
170 0.2587849842165717
171 0.25878498421657176
172 0.25878498421657165
173 0.2587849842165717
174 0.2587849842165717
175 0.25878498421657176
176 0.2587849842165717
177 0.2587849842165717
178 0.25878498421657176
179 0.2587849842165717
180 0.25878498421657165
181 0.2587849842165717
182 0.25878498421657165
183 0.2587849842165717
184 0.25878498421657176
185 0.25878498421657176
186 0.2587849842165717
187 0.25878498421657176
188 0.2587849842165717
189 0.2587849842165717
190 0.2587849842165717
191 0.25878498421657165
192 0.2587849842165717
193 0.2587849842165717
194 0.2587849842165717
195 0.2587849842165716
196 0.2587849842165717
197 0.2587849842165717
198 0.25878498421657165
199 0.25878498421657165
