0 0
1 0
2 0
3 0
4 0
5 0
6 0
7 0
8 0
9 0
10 0
11 0
12 0
13 0
14 0
15 0
16 0
17 0
18 0
19 0
20 0
21 0
22 0
23 0
24 0
25 0
26 0
27 0
28 0
29 0
30 0
31 0
32 0
33 0
34 0
35 0
36 0
37 0
38 0
39 0
40 0
41 0
42 0
43 0
44 0
45 0
46 0
47 0
48 0
49 0
50 0
51 0
52 0
53 0
54 0
55 0
56 0
57 0
58 0
59 0
60 0
61 0
62 0
63 0
64 0
65 0
66 0
67 0
68 0
69 0
70 0
71 0
72 0
73 0
74 0
75 0
76 0
77 0
78 0
79 0
80 0.4107955561789598
81 0.4107955561789598
82 0.4107955561789598
83 0.4107955561789598
84 0.41079555617895974
85 0.4107955561789598
86 0.41079555617895974
87 0.4107955561789598
88 0.4107955561789598
89 0.4107955561789598
90 0.41079555617895985
91 0.4107955561789598
92 0.41079555617895985
93 0.4107955561789599
94 0.4107955561789598
95 0.41079555617895974
96 0.4107955561789598
97 0.4107955561789598
98 0.41079555617895974
99 0.41079555617895974
100 0.4107955561789598
101 0.4107955561789598
102 0.41079555617895974
103 0.41079555617895985
104 0.41079555617895985
105 0.41079555617895985
106 0.4107955561789599
107 0.41079555617895974
108 0.41079555617895974
109 0.41079555617895985
110 0.4107955561789598
111 0.41079555617895985
112 0.4107955561789598
113 0.41079555617895974
114 0.41079555617895985
115 0.4107955561789598
116 0.4107955561789598
117 0.4107955561789598
118 0.41079555617895974
119 0.4107955561789598
120 0.4107955561789598
121 0.4107955561789598
122 0.41079555617895985
123 0.4107955561789598
124 0.4107955561789598
125 0.41079555617895974
126 0.4107955561789599
127 0.41079555617895974
128 0.4107955561789598
129 0.41079555617895985
130 0.4107955561789598
131 0.4107955561789598
132 0.4107955561789598
133 0.41079555617895985
134 0.41079555617895985
135 0.4107955561789598
136 0.41079555617895974
137 0.41079555617895974
138 0.4107955561789598
139 0.41079555617895985
140 0.41079555617895974
141 0.41079555617895985
142 0.41079555617895985
143 0.4107955561789598
144 0.4107955561789598
145 0.41079555617895985
146 0.41079555617895974
147 0.4107955561789598
148 0.4107955561789598
149 0.4107955561789598
150 0.4107955561789598
151 0.4107955561789598
152 0.4107955561789598
153 0.41079555617895974
154 0.41079555617895985
155 0.41079555617895985
156 0.41079555617895974
157 0.4107955561789598
158 0.41079555617895985
159 0.41079555617895974
160 0.4107955561789598
161 0.4107955561789598
162 0.41079555617895974
163 0.4107955561789599
164 0.4107955561789598
165 0.41079555617895974
166 0.41079555617895985
167 0.4107955561789598
168 0.41079555617895974
169 0.41079555617895985
170 0.4107955561789598
171 0.41079555617895985
172 0.41079555617895985
173 0.4107955561789598
174 0.41079555617895974
175 0.4107955561789598
176 0.41079555617895974
177 0.41079555617895974
178 0.4107955561789598
179 0.41079555617895974
180 0.4107955561789598
181 0.4107955561789598
182 0.41079555617895974
183 0.41079555617895974
184 0.4107955561789598
185 0.41079555617895974
186 0.41079555617895974
187 0.4107955561789598
188 0.41079555617895974
189 0.41079555617895974
190 0.4107955561789598
191 0.4107955561789598
192 0.41079555617895974
193 0.4107955561789598
194 0.41079555617895974
195 0.41079555617895985
196 0.4107955561789598
197 0.4107955561789598
198 0.41079555617895985
199 0.41079555617895974
