0 1.0
1 1.0
2 1.0
3 1.0
4 1.0
5 1.0
6 1.0
7 1.0
8 1.0
9 1.0
10 1.0
11 1.0
12 1.0
13 1.0
14 1.0
15 1.0
16 1.0
17 1.0
18 1.0
19 1.0
20 1.0
21 1.0
22 1.0
23 1.0
24 1.0
25 1.0
26 1.0
27 1.0
28 1.0
29 1.0
30 1.0
31 1.0
32 1.0
33 1.0
34 1.0
35 1.0
36 1.0
37 1.0
38 1.0
39 1.0
40 1.0
41 1.0
42 1.0
43 1.0
44 1.0
45 1.0
46 1.0
47 1.0
48 1.0
49 1.0
50 0.5
51 0.5084745762711864
52 0.5172413793103448
53 0.5263157894736842
54 0.5357142857142857
55 0.5454545454545455
56 0.5555555555555556
57 0.5660377358490566
58 0.576923076923077
59 0.5882352941176471
60 0.6000000000000001
61 0.6122448979591838
62 0.625
63 0.6382978723404256
64 0.6521739130434784
65 0.6666666666666666
66 0.6666666666666666
67 0.6666666666666666
68 0.6666666666666666
69 0.6666666666666666
70 0.6666666666666666
71 0.6666666666666666
72 0.6666666666666666
73 0.6666666666666666
74 0.6666666666666666
75 0.6666666666666666
76 0.6666666666666666
77 0.6666666666666666
78 0.6666666666666666
79 0.6666666666666666
80 0.6666666666666666
81 0.6666666666666666
82 0.6666666666666666
83 0.6666666666666666
84 0.6666666666666666
85 0.6666666666666666
86 0.6666666666666666
87 0.6666666666666666
88 0.6666666666666666
89 0.6666666666666666
90 0.6666666666666666
91 0.6666666666666666
92 0.6666666666666666
93 0.6666666666666666
94 0.6666666666666666
95 0.6666666666666666
96 0.6666666666666666
97 0.6666666666666666
98 0.6666666666666666
99 0.6666666666666666
100 0.6666666666666666
101 0.6666666666666666
102 0.6666666666666666
103 0.6666666666666666
104 0.6666666666666666
105 0.6666666666666666
106 0.6666666666666666
107 0.6666666666666666
108 0.6666666666666666
109 0.6666666666666666
110 0.6666666666666666
111 0.6666666666666666
112 0.6666666666666666
113 0.6666666666666666
114 0.6666666666666666
115 0.6666666666666666
116 0.6666666666666666
117 0.6666666666666666
118 0.6666666666666666
119 0.6666666666666666
120 0.6666666666666666
121 0.6666666666666666
122 0.6666666666666666
123 0.6666666666666666
124 0.6666666666666666
125 0.6666666666666666
126 0.6666666666666666
127 0.6666666666666666
128 0.6666666666666666
129 0.6666666666666666
130 0.6666666666666666
131 0.6666666666666666
132 0.6666666666666666
133 0.6666666666666666
134 0.6666666666666666
135 0.6666666666666666
136 0.6666666666666666
137 0.6666666666666666
138 0.6666666666666666
139 0.6666666666666666
140 0.6666666666666666
141 0.6666666666666666
142 0.6666666666666666
143 0.6666666666666666
144 0.6666666666666666
145 0.6666666666666666
146 0.6666666666666666
147 0.6666666666666666
148 0.6666666666666666
149 0.6666666666666666
150 0.6666666666666666
151 0.6666666666666666
152 0.6666666666666666
153 0.6666666666666666
154 0.6666666666666666
155 0.6666666666666666
156 0.6666666666666666
157 0.6666666666666666
158 0.6666666666666666
159 0.6666666666666666
160 0.6666666666666666
161 0.6666666666666666
162 0.6666666666666666
163 0.6666666666666666
164 0.6666666666666666
165 0.6666666666666666
166 0.6666666666666666
167 0.6666666666666666
168 0.6666666666666666
169 0.6666666666666666
170 0.6666666666666666
171 0.6666666666666666
172 0.6666666666666666
173 0.6666666666666666
174 0.6666666666666666
175 0.6666666666666666
176 0.6666666666666666
177 0.6666666666666666
178 0.6666666666666666
179 0.6666666666666666
180 0.6666666666666666
181 0.6666666666666666
182 0.6666666666666666
183 0.6666666666666666
184 0.6666666666666666
185 0.6666666666666666
186 0.6666666666666666
187 0.6666666666666666
188 0.6666666666666666
189 0.6666666666666666
190 0.6666666666666666
191 0.6666666666666666
192 0.6666666666666666
193 0.6666666666666666
194 0.6666666666666666
195 0.6666666666666666
196 0.6666666666666666
197 0.6666666666666666
198 0.6666666666666666
199 0.6666666666666666
