20 100.0
21 97.71599684342459
22 95.48416039104166
23 93.30329915368074
24 91.17224885582168
25 89.08987181403393
26 87.05505632961241
27 85.06671609508557
28 83.12378961427878
29 81.22523963562355
30 79.37005259840998
31 77.55723809168673
32 75.78582832551992
33 74.05487761432822
34 72.3634618720189
35 70.71067811865476
36 69.0956439983888
37 67.5174973084095
38 65.97539553864472
39 64.46851542197895
40 62.99605249474366
41 61.557220667245815
42 60.15125180410583
43 58.77739531418044
44 57.434917749851756
45 56.12310241546865
46 54.84124898473131
47 53.588673126814655
48 52.364706141031334
49 51.16869459983875
50 50.0
51 48.8579984217123
52 47.74208019552083
53 46.65164957684037
54 45.586124427910846
55 44.54493590701697
56 43.52752816480621
57 42.53335804754279
58 41.56189480713939
59 40.612619817811776
60 39.68502629920499
61 38.778619045843364
62 37.89291416275996
63 37.02743880716411
64 36.18173093600945
65 35.35533905932738
66 34.547821999194404
67 33.75874865420475
68 32.98769776932236
69 32.23425771098948
70 31.49802624737183
71 30.778610333622908
72 30.07562590205292
73 29.38869765709022
74 28.717458874925878
75 28.061551207734333
76 27.420624492365647
77 26.794336563407327
78 26.182353070515674
79 25.58434729991938
80 25.0
81 24.42899921085615
82 23.871040097760417
83 23.325824788420185
84 22.793062213955423
85 22.27246795350849
86 21.763764082403103
87 21.266679023771395
88 20.780947403569698
89 20.306309908905888
90 19.842513149602496
91 19.389309522921685
92 18.94645708137998
93 18.513719403582055
94 18.09086546800473
95 17.677669529663692
96 17.273910999597202
97 16.87937432710238
98 16.493848884661183
99 16.11712885549474
100 15.749013123685918
101 15.389305166811457
102 15.037812951026458
103 14.694348828545111
104 14.35872943746294
105 14.030775603867163
106 13.710312246182827
107 13.397168281703667
108 13.091176535257834
109 12.79217364995969
110 12.500000000000004
111 12.214499605428076
112 11.93552004888021
113 11.662912394210094
114 11.39653110697771
115 11.136233976754244
116 10.881882041201553
117 10.633339511885696
118 10.390473701784849
119 10.153154954452946
120 9.921256574801248
121 9.694654761460844
122 9.47322854068999
123 9.256859701791026
124 9.045432734002365
125 8.838834764831844
126 8.6369554997986
127 8.43968716355119
128 8.24692444233059
129 8.058564427747369
130 7.874506561842959
131 7.694652583405729
132 7.518906475513229
133 7.347174414272556
134 7.1793647187314695
135 7.015387801933584
136 6.855156123091414
137 6.698584140851834
138 6.545588267628919
139 6.396086824979845
140 6.25
141 6.10724980271404
142 5.967760024440104
143 5.831456197105047
144 5.6982655534888575
145 5.568116988377122
146 5.440941020600777
147 5.316669755942851
148 5.1952368508924245
149 5.076577477226472
150 4.960628287400625
151 4.847327380730421
152 4.736614270344995
153 4.628429850895515
154 4.522716367001182
155 4.419417382415922
156 4.318477749899301
157 4.219843581775595
158 4.123462221165295
159 4.029282213873686
160 3.9372532809214795
161 3.8473262917028634
162 3.759453237756616
163 3.673587207136278
164 3.589682359365736
165 3.5076939009667916
166 3.4275780615457068
167 3.3492920704259173
168 3.2727941338144593
169 3.198043412489922
170 3.1250000000000013
171 3.0536249013570194
172 2.983880012220052
173 2.9157280985525245
174 2.8491327767444283
175 2.7840584941885607
176 2.720470510300389
177 2.658334877971425
178 2.5976184254462122
179 2.5382887386132373
180 2.480314143700312
181 2.4236636903652107
182 2.368307135172498
183 2.3142149254477573
184 2.2613581835005907
185 2.209708691207962
186 2.1592388749496507
187 2.109921790887797
188 2.0617311105826484
189 2.014641106936843
190 1.9686266404607393
191 1.9236631458514324
192 1.8797266188783075
193 1.8367936035681387
194 1.794841179682868
195 1.7538469504833964
196 1.7137890307728534
197 1.6746460352129586
198 1.6363970669072303
199 1.599021706244961
