80 100.0
81 97.71599684342459
82 95.48416039104166
83 93.30329915368074
84 91.17224885582168
85 89.08987181403393
86 87.05505632961241
87 85.06671609508557
88 83.12378961427878
89 81.22523963562355
90 79.37005259840998
91 77.55723809168673
92 75.78582832551992
93 74.05487761432822
94 72.3634618720189
95 70.71067811865476
96 69.0956439983888
97 67.5174973084095
98 65.97539553864472
99 64.46851542197895
100 62.99605249474366
101 61.557220667245815
102 60.15125180410583
103 58.77739531418044
104 57.434917749851756
105 56.12310241546865
106 54.84124898473131
107 53.588673126814655
108 52.364706141031334
109 51.16869459983875
110 50.0
111 48.8579984217123
112 47.74208019552083
113 46.65164957684037
114 45.586124427910846
115 44.54493590701697
116 43.52752816480621
117 42.53335804754279
118 41.56189480713939
119 40.612619817811776
120 39.68502629920499
121 38.778619045843364
122 37.89291416275996
123 37.02743880716411
124 36.18173093600945
125 35.35533905932738
126 34.547821999194404
127 33.75874865420475
128 32.98769776932236
129 32.23425771098948
130 31.49802624737183
131 30.778610333622908
132 30.07562590205292
133 29.38869765709022
134 28.717458874925878
135 28.061551207734333
136 27.420624492365647
137 26.794336563407327
138 26.182353070515674
139 25.58434729991938
140 25.0
141 24.42899921085615
142 23.871040097760417
143 23.325824788420185
144 22.793062213955423
145 22.27246795350849
146 21.763764082403103
147 21.266679023771395
148 20.780947403569698
149 20.306309908905888
150 19.842513149602496
151 19.389309522921685
152 18.94645708137998
153 18.513719403582055
154 18.09086546800473
155 17.677669529663692
156 17.273910999597202
157 16.87937432710238
158 16.493848884661183
159 16.11712885549474
160 15.749013123685918
161 15.389305166811457
162 15.037812951026458
163 14.694348828545111
164 14.35872943746294
165 14.030775603867163
166 13.710312246182827
167 13.397168281703667
168 13.091176535257834
169 12.79217364995969
170 12.500000000000004
171 12.214499605428076
172 11.93552004888021
173 11.662912394210094
174 11.39653110697771
175 11.136233976754244
176 10.881882041201553
177 10.633339511885696
178 10.390473701784849
179 10.153154954452946
180 9.921256574801248
181 9.694654761460844
182 9.47322854068999
183 9.256859701791026
184 9.045432734002365
185 8.838834764831844
186 8.6369554997986
187 8.43968716355119
188 8.24692444233059
189 8.058564427747369
190 7.874506561842959
191 7.694652583405729
192 7.518906475513229
193 7.347174414272556
194 7.1793647187314695
195 7.015387801933584
196 6.855156123091414
197 6.698584140851834
198 6.545588267628919
199 6.396086824979845
