0 1.0
1 1.0
2 1.0
3 1.0
4 1.0
5 1.0
6 1.0
7 1.0
8 1.0
9 1.0
10 1.0
11 1.0
12 1.0
13 1.0
14 1.0
15 1.0
16 1.0
17 1.0
18 1.0
19 1.0
20 1.0
21 1.0
22 1.0
23 1.0
24 1.0
25 1.0
26 1.0
27 1.0
28 1.0
29 1.0
30 1.0
31 1.0
32 1.0
33 1.0
34 1.0
35 1.0
36 1.0
37 1.0
38 1.0
39 1.0
40 1.0
41 1.0
42 1.0
43 1.0
44 1.0
45 1.0
46 1.0
47 1.0
48 1.0
49 1.0
50 0.5680308742972046
51 0.5695024458097625
52 0.5709636363660947
53 0.5724141695959485
54 0.5738537787920306
55 0.5752822070352333
56 0.5766992073026036
57 0.5781045425581973
58 0.5794979858269979
59 0.5808793202521282
60 0.5822483391356246
61 0.5836048459630794
62 0.5849486544124944
63 0.5862795883477275
64 0.5875974817969383
65 0.5889021789164753
66 0.5901935339406715
67 0.591471411118036
68 0.5927356846343579
69 0.5939862385232514
70 0.595222966564693
71 0.5964457721721096
72 0.5976545682685945
73 0.5988492771528329
74 0.6000298303553265
75 0.6011961684855127
76 0.6023482410703733
77 0.6034860063851322
78 0.6046094312766331
79 0.605718490979994
80 0.6068131689291187
81 0.6078934565616485
82 0.6089593531189205
83 0.6100108654414949
84 0.6110480077607969
85 0.6120708014874106
86 0.6130792749965425
87 0.6140734634111654
88 0.6150534083833292
89 0.6160191578741141
90 0.6169707659326799
91 0.617908292474855
92 0.6188318030616786
93 0.6197413686783015
94 0.620637065513627
95 0.6215189747410518
96 0.6223871823006559
97 0.6232417786831599
98 0.6240828587159575
99 0.6249105213515095
100 0.6257248694583627
101 0.6265260096150448
102 0.6273140519070615
103 0.6280891097272097
104 0.6288512995793963
105 0.6296007408861435
106 0.6303375557999333
107 0.6310618690185399
108 0.6317738076044723
109 0.6324735008086398
110 0.633161079898338
111 0.633836677989635
112 0.6345004298842295
113 0.635152471910835
114 0.6357929417711315
115 0.6364219783903216
116 0.6370397217723033
117 0.6376463128594784
118 0.6382418933971877
119 0.6388266058027694
120 0.6394005930392181
121 0.6399639984934216
122 0.6405169658589362
123 0.6410596390232649
124 0.6415921619595837
125 0.6421146786228679
126 0.6426273328503549
127 0.6431302682662797
128 0.643623628190814
129 0.6441075555531348
130 0.6445821928085455
131 0.6450476818595683
132 0.6455041639809259
133 0.6459517797483239
134 0.6463906689709478
135 0.6468209706275844
136 0.6472428228062733
137 0.6476563626474011
138 0.6480617262901379
139 0.6484590488221271
140 0.648848464232332
141 0.6492301053669423
142 0.6496041038882494
143 0.6499705902363934
144 0.6503296935938869
145 0.6506815418528256
146 0.6510262615846893
147 0.6513639780126442
148 0.6516948149862536
149 0.6520188949585096
150 0.6523363389650964
151 0.6526472666057987
152 0.6529517960279702
153 0.6532500439119779
154 0.6535421254585413
155 0.6538281543778843
156 0.6541082428806237
157 0.6543825016703154
158 0.6546510399375841
159 0.6549139653557646
160 0.6551713840779807
161 0.6554234007355954
162 0.6556701184379641
163 0.6559116387734238
164 0.6561480618114574
165 0.6563794861059691
166 0.6566060086996136
167 0.6568277251291184
168 0.6570447294315467
169 0.6572571141514434
170 0.6574649703488152
171 0.6576683876078921
172 0.6578674540466223
173 0.6580622563268552
174 0.6582528796651639
175 0.6584394078442687
176 0.6586219232250156
177 0.6588005067588706
178 0.6589752380008943
179 0.6591461951231559
180 0.6593134549285529
181 0.659477092865003
182 0.6596371830399754
183 0.6597937982353298
184 0.6599470099224342
185 0.6600968882775322
186 0.6602435021973343
187 0.6603869193148054
188 0.6605272060151253
189 0.660664427451798
190 0.6607986475628886
191 0.6609299290873647
192 0.6610583335815237
193 0.6611839214354869
194 0.6613067518897416
195 0.6614268830517135
196 0.661544371912355
197 0.6616592743627332
198 0.6617716452106016
199 0.6618815381969442
