0 0
1 0
2 0
3 0
4 0
5 0
6 0
7 0
8 0
9 0
10 0
11 0
12 0
13 0
14 0
15 0
16 0
17 0
18 0
19 0
20 0
21 0
22 0
23 0
24 0
25 0
26 0
27 0
28 0
29 0
30 0
31 0
32 0
33 0
34 0
35 0
36 0
37 0
38 0
39 0
40 0
41 0
42 0
43 0
44 0
45 0
46 0
47 0
48 0
49 0
50 0.43196912570279544
51 0.43049755419023755
52 0.42903636363390535
53 0.4275858304040515
54 0.42614622120796936
55 0.42471779296476675
56 0.4233007926973964
57 0.42189545744180257
58 0.4205020141730021
59 0.4191206797478718
60 0.4177516608643754
61 0.4163951540369206
62 0.4150513455875055
63 0.41372041165227247
64 0.41240251820306173
65 0.41109782108352466
66 0.4098064660593284
67 0.4085285888819639
68 0.4072643153656422
69 0.40601376147674867
70 0.404777033435307
71 0.4035542278278904
72 0.4023454317314055
73 0.4011507228471671
74 0.3999701696446735
75 0.3988038315144874
76 0.3976517589296266
77 0.39651399361486783
78 0.3953905687233668
79 0.39428150902000597
80 0.3931868310708812
81 0.3921065434383515
82 0.3910406468810796
83 0.3899891345585052
84 0.38895199223920307
85 0.38792919851258945
86 0.38692072500345764
87 0.38592653658883463
88 0.38494659161667066
89 0.38398084212588596
90 0.38302923406732015
91 0.38209170752514504
92 0.3811681969383215
93 0.3802586313216985
94 0.3793629344863731
95 0.37848102525894817
96 0.377612817699344
97 0.37675822131684006
98 0.3759171412840424
99 0.37508947864849057
100 0.37427513054163725
101 0.3734739903849552
102 0.3726859480929384
103 0.37191089027279034
104 0.3711487004206036
105 0.37039925911385657
106 0.3696624442000668
107 0.3689381309814601
108 0.36822619239552773
109 0.36752649919136016
110 0.366838920101662
111 0.3661633220103651
112 0.3654995701157704
113 0.36484752808916504
114 0.36420705822886834
115 0.36357802160967845
116 0.3629602782276966
117 0.3623536871405215
118 0.3617581066028122
119 0.36117339419723055
120 0.36059940696078185
121 0.3600360015065784
122 0.35948303414106364
123 0.3589403609767351
124 0.3584078380404163
125 0.3578853213771321
126 0.3573726671496451
127 0.35686973173372033
128 0.35637637180918597
129 0.3558924444468652
130 0.35541780719145455
131 0.3549523181404317
132 0.35449583601907403
133 0.35404822025167615
134 0.3536093310290521
135 0.35317902937241574
136 0.3527571771937267
137 0.3523436373525989
138 0.35193827370986214
139 0.3515409511778728
140 0.35115153576766805
141 0.3507698946330578
142 0.35039589611175054
143 0.35002940976360664
144 0.34967030640611313
145 0.3493184581471745
146 0.3489737384153107
147 0.3486360219873557
148 0.34830518501374635
149 0.3479811050414904
150 0.34766366103490365
151 0.3473527333942013
152 0.3470482039720298
153 0.346749956088022
154 0.3464578745414587
155 0.3461718456221158
156 0.34589175711937636
157 0.34561749832968475
158 0.3453489600624159
159 0.34508603464423543
160 0.3448286159220194
161 0.34457659926440465
162 0.344329881562036
163 0.3440883612265763
164 0.3438519381885427
165 0.3436205138940309
166 0.3433939913003865
167 0.3431722748708816
168 0.3429552705684534
169 0.3427428858485566
170 0.34253502965118476
171 0.3423316123921079
172 0.3421325459533776
173 0.3419377436731449
174 0.3417471203348362
175 0.34156059215573126
176 0.34137807677498455
177 0.3411994932411295
178 0.3410247619991057
179 0.340853804876844
180 0.3406865450714472
181 0.34052290713499705
182 0.3403628169600247
183 0.34020620176467015
184 0.3400529900775658
185 0.3399031117224678
186 0.3397564978026656
187 0.3396130806851945
188 0.3394727939848748
189 0.339335572548202
190 0.3392013524371114
191 0.3390700709126354
192 0.3389416664184764
193 0.33881607856451307
194 0.33869324811025847
195 0.33857311694828657
196 0.3384556280876449
197 0.3383407256372667
198 0.33822835478939833
199 0.3381184618030558
