0 100.0
1 97.71599684342459
2 95.48416039104166
3 93.30329915368074
4 91.17224885582168
5 89.08987181403393
6 87.05505632961241
7 85.06671609508557
8 83.12378961427878
9 81.22523963562355
10 79.37005259840998
11 77.55723809168673
12 75.78582832551992
13 74.05487761432822
14 72.3634618720189
15 70.71067811865476
16 69.0956439983888
17 67.5174973084095
18 65.97539553864472
19 64.46851542197895
20 62.99605249474366
21 61.557220667245815
22 60.15125180410583
23 58.77739531418044
24 57.434917749851756
25 56.12310241546865
26 54.84124898473131
27 53.588673126814655
28 52.364706141031334
29 51.16869459983875
30 50.0
31 48.8579984217123
32 47.74208019552083
33 46.65164957684037
34 45.586124427910846
35 44.54493590701697
36 43.52752816480621
37 42.53335804754279
38 41.56189480713939
39 40.612619817811776
40 39.68502629920499
41 38.778619045843364
42 37.89291416275996
43 37.02743880716411
44 36.18173093600945
45 35.35533905932738
46 34.547821999194404
47 33.75874865420475
48 32.98769776932236
49 32.23425771098948
50 31.49802624737183
51 30.778610333622908
52 30.07562590205292
53 29.38869765709022
54 28.717458874925878
55 28.061551207734333
56 27.420624492365647
57 26.794336563407327
58 26.182353070515674
59 25.58434729991938
60 25.0
61 24.42899921085615
62 23.871040097760417
63 23.325824788420185
64 22.793062213955423
65 22.27246795350849
66 21.763764082403103
67 21.266679023771395
68 20.780947403569698
69 20.306309908905888
70 19.842513149602496
71 19.389309522921685
72 18.94645708137998
73 18.513719403582055
74 18.09086546800473
75 17.677669529663692
76 17.273910999597202
77 16.87937432710238
78 16.493848884661183
79 16.11712885549474
80 15.749013123685918
81 15.389305166811457
82 15.037812951026458
83 14.694348828545111
84 14.35872943746294
85 14.030775603867163
86 13.710312246182827
87 13.397168281703667
88 13.091176535257834
89 12.79217364995969
90 12.500000000000004
91 12.214499605428076
92 11.93552004888021
93 11.662912394210094
94 11.39653110697771
95 11.136233976754244
96 10.881882041201553
97 10.633339511885696
98 10.390473701784849
99 10.153154954452946
100 9.921256574801248
101 9.694654761460844
102 9.47322854068999
103 9.256859701791026
104 9.045432734002365
105 8.838834764831844
106 8.6369554997986
107 8.43968716355119
108 8.24692444233059
109 8.058564427747369
110 7.874506561842959
111 7.694652583405729
112 7.518906475513229
113 7.347174414272556
114 7.1793647187314695
115 7.015387801933584
116 6.855156123091414
117 6.698584140851834
118 6.545588267628919
119 6.396086824979845
120 6.25
121 6.10724980271404
122 5.967760024440104
123 5.831456197105047
124 5.6982655534888575
125 5.568116988377122
126 5.440941020600777
127 5.316669755942851
128 5.1952368508924245
129 5.076577477226472
130 4.960628287400625
131 4.847327380730421
132 4.736614270344995
133 4.628429850895515
134 4.522716367001182
135 4.419417382415922
136 4.318477749899301
137 4.219843581775595
138 4.123462221165295
139 4.029282213873686
140 3.9372532809214795
141 3.8473262917028634
142 3.759453237756616
143 3.673587207136278
144 3.589682359365736
145 3.5076939009667916
146 3.4275780615457068
147 3.3492920704259173
148 3.2727941338144593
149 3.198043412489922
150 3.1250000000000013
151 3.0536249013570194
152 2.983880012220052
153 2.9157280985525245
154 2.8491327767444283
155 2.7840584941885607
156 2.720470510300389
157 2.658334877971425
158 2.5976184254462122
159 2.5382887386132373
160 2.480314143700312
161 2.4236636903652107
162 2.368307135172498
163 2.3142149254477573
164 2.2613581835005907
165 2.209708691207962
166 2.1592388749496507
167 2.109921790887797
168 2.0617311105826484
169 2.014641106936843
170 1.9686266404607393
171 1.9236631458514324
172 1.8797266188783075
173 1.8367936035681387
174 1.794841179682868
175 1.7538469504833964
176 1.7137890307728534
177 1.6746460352129586
178 1.6363970669072303
179 1.599021706244961
180 1.5625000000000007
181 1.5268124506785103
182 1.4919400061100259
183 1.457864049276262
184 1.4245663883722146
185 1.3920292470942803
186 1.3602352551501944
187 1.3291674389857129
188 1.298809212723106
189 1.2691443693066184
190 1.2401570718501567
191 1.2118318451826051
192 1.184153567586249
193 1.157107462723879
194 1.1306790917502954
195 1.104854345603981
196 1.0796194374748258
197 1.0549608954438985
198 1.030865555291324
199 1.007320553468422
