50 50.0
51 48.857998421712296
52 47.74208019552083
53 46.65164957684037
54 45.58612442791084
55 44.54493590701696
56 43.527528164806206
57 42.533358047542784
58 41.56189480713939
59 40.612619817811776
60 39.68502629920499
61 38.778619045843364
62 37.89291416275996
63 37.02743880716411
64 36.18173093600945
65 35.35533905932738
66 34.5478219991944
67 33.75874865420475
68 32.98769776932236
69 32.234257710989475
70 31.49802624737183
71 30.778610333622908
72 30.075625902052916
73 29.38869765709022
74 28.717458874925878
75 28.061551207734325
76 27.420624492365654
77 26.794336563407327
78 26.182353070515667
79 25.584347299919376
80 25.0
81 24.42899921085615
82 23.871040097760414
83 23.325824788420185
84 22.793062213955423
85 22.272467953508485
86 21.763764082403107
87 21.266679023771395
88 20.780947403569694
89 20.306309908905888
90 19.842513149602496
91 19.389309522921682
92 18.94645708137998
93 18.513719403582055
94 18.090865468004726
95 17.67766952966369
96 17.273910999597202
97 16.879374327102376
98 16.49384888466118
99 16.11712885549474
100 15.749013123685915
101 15.389305166811454
102 15.03781295102646
103 14.69434882854511
104 14.358729437462939
105 14.030775603867166
106 13.710312246182824
107 13.397168281703664
108 13.091176535257837
109 12.79217364995969
110 12.5
111 12.214499605428076
112 11.935520048880209
113 11.662912394210093
114 11.396531106977712
115 11.136233976754244
116 10.881882041201552
117 10.633339511885698
118 10.390473701784849
119 10.153154954452944
120 9.921256574801248
121 9.694654761460843
122 9.47322854068999
123 9.256859701791027
124 9.045432734002365
125 8.838834764831846
126 8.636955499798601
127 8.43968716355119
128 8.246924442330592
129 8.05856442774737
130 7.874506561842959
131 7.694652583405729
132 7.518906475513229
133 7.347174414272556
134 7.17936471873147
135 7.015387801933581
136 6.8551561230914135
137 6.698584140851834
138 6.545588267628917
139 6.396086824979845
140 6.250000000000002
141 6.107249802714038
142 5.967760024440105
143 5.831456197105047
144 5.698265553488855
145 5.568116988377122
146 5.440941020600777
147 5.316669755942848
148 5.1952368508924245
149 5.076577477226473
150 4.960628287400624
151 4.847327380730422
152 4.736614270344995
153 4.628429850895513
154 4.522716367001182
155 4.419417382415922
156 4.3184777498993
157 4.219843581775595
158 4.123462221165295
159 4.029282213873684
160 3.9372532809214795
161 3.8473262917028643
162 3.7594532377566146
163 3.673587207136278
164 3.5896823593657348
165 3.507693900966792
166 3.427578061545707
167 3.349292070425917
168 3.2727941338144597
169 3.1980434124899224
170 3.125
171 3.05362490135702
172 2.983880012220052
173 2.9157280985525236
174 2.8491327767444288
175 2.784058494188561
176 2.7204705103003883
177 2.6583348779714253
178 2.5976184254462122
179 2.538288738613236
180 2.4803141437003124
181 2.4236636903652107
182 2.3683071351724974
183 2.3142149254477573
184 2.261358183500591
185 2.209708691207961
186 2.1592388749496507
187 2.1099217908877974
188 2.0617311105826475
189 2.014641106936843
190 1.9686266404607398
191 1.9236631458514317
192 1.879726618878308
193 1.836793603568139
194 1.794841179682868
195 1.7538469504833958
196 1.7137890307728534
197 1.6746460352129586
198 1.6363970669072296
199 1.599021706244961
