0 0.13333333333333333
1 0.13142857142857142
2 0.12941176470588237
3 0.12727272727272726
4 0.125
5 0.12258064516129032
6 0.12
7 0.11643835616438356
8 0.11267605633802817
9 0.10869565217391304
10 0.1044776119402985
11 0.1
12 0.09523809523809523
13 0.0975609756097561
14 0.10000000000000002
15 0.10256410256410256
16 0.10526315789473684
17 0.10810810810810813
18 0.1111111111111111
19 0.11320754716981132
20 0.11538461538461539
21 0.11764705882352941
22 0.12000000000000001
23 0.12244897959183675
24 0.125
25 0.12631578947368421
26 0.12765957446808512
27 0.12903225806451613
28 0.13043478260869568
29 0.13186813186813187
30 0.13333333333333333
31 0.13333333333333333
32 0.13333333333333333
33 0.13333333333333333
34 0.13333333333333333
35 0.13333333333333333
36 0.13333333333333333
37 0.13333333333333333
38 0.13333333333333333
39 0.13333333333333333
40 0.13333333333333333
41 0.13333333333333333
42 0.13333333333333333
43 0.13333333333333333
44 0.13333333333333333
45 0.13333333333333333
46 0.13333333333333333
47 0.13333333333333333
48 0.13333333333333333
49 0.13333333333333333
50 0.13333333333333333
51 0.13333333333333333
52 0.13333333333333333
53 0.13333333333333333
54 0.13333333333333333
55 0.13333333333333333
56 0.13333333333333333
57 0.13333333333333333
58 0.13333333333333333
59 0.13333333333333333
60 0.13333333333333333
61 0.13333333333333333
62 0.13333333333333333
63 0.13333333333333333
64 0.13333333333333333
65 0.13333333333333333
66 0.13333333333333333
67 0.13333333333333333
68 0.13333333333333333
69 0.13333333333333333
70 0.13333333333333333
71 0.13333333333333333
72 0.13333333333333333
73 0.13333333333333333
74 0.13333333333333333
75 0.13333333333333333
76 0.13333333333333333
77 0.13333333333333333
78 0.13333333333333333
79 0.13333333333333333
80 0.13333333333333333
81 0.13333333333333333
82 0.13333333333333333
83 0.13333333333333333
84 0.13333333333333333
85 0.13333333333333333
86 0.13333333333333333
87 0.13333333333333333
88 0.13333333333333333
89 0.13333333333333333
90 0.13333333333333333
91 0.13333333333333333
92 0.13333333333333333
93 0.13333333333333333
94 0.13333333333333333
95 0.13333333333333333
96 0.13333333333333333
97 0.13333333333333333
98 0.13333333333333333
99 0.13333333333333333
100 0.13333333333333333
101 0.13333333333333333
102 0.13333333333333333
103 0.13333333333333333
104 0.13333333333333333
105 0.13333333333333333
106 0.13333333333333333
107 0.13333333333333333
108 0.13333333333333333
109 0.13333333333333333
110 0.13333333333333333
111 0.13333333333333333
112 0.13333333333333333
113 0.13333333333333333
114 0.13333333333333333
115 0.13333333333333333
116 0.13333333333333333
117 0.13333333333333333
118 0.13333333333333333
119 0.13333333333333333
120 0.13333333333333333
121 0.13333333333333333
122 0.13333333333333333
123 0.13333333333333333
124 0.13333333333333333
125 0.13333333333333333
126 0.13333333333333333
127 0.13333333333333333
128 0.13333333333333333
129 0.13333333333333333
130 0.13333333333333333
131 0.13333333333333333
132 0.13333333333333333
133 0.13333333333333333
134 0.13333333333333333
135 0.13333333333333333
136 0.13333333333333333
137 0.13333333333333333
138 0.13333333333333333
139 0.13333333333333333
140 0.13333333333333333
141 0.13333333333333333
142 0.13333333333333333
143 0.13333333333333333
144 0.13333333333333333
145 0.13333333333333333
146 0.13333333333333333
147 0.13333333333333333
148 0.13333333333333333
149 0.13333333333333333
150 0.13333333333333333
151 0.13333333333333333
152 0.13333333333333333
153 0.13333333333333333
154 0.13333333333333333
155 0.13333333333333333
156 0.13333333333333333
157 0.13333333333333333
158 0.13333333333333333
159 0.13333333333333333
160 0.13333333333333333
161 0.13333333333333333
162 0.13333333333333333
163 0.13333333333333333
164 0.13333333333333333
165 0.13333333333333333
166 0.13333333333333333
167 0.13333333333333333
168 0.13333333333333333
169 0.13333333333333333
170 0.13333333333333333
171 0.13333333333333333
172 0.13333333333333333
173 0.13333333333333333
174 0.13333333333333333
175 0.13333333333333333
176 0.13333333333333333
177 0.13333333333333333
178 0.13333333333333333
179 0.13333333333333333
180 0.13333333333333333
181 0.13333333333333333
182 0.13333333333333333
183 0.13333333333333333
184 0.13333333333333333
185 0.13333333333333333
186 0.13333333333333333
187 0.13333333333333333
188 0.13333333333333333
189 0.13333333333333333
190 0.13333333333333333
191 0.13333333333333333
192 0.13333333333333333
193 0.13333333333333333
194 0.13333333333333333
195 0.13333333333333333
196 0.13333333333333333
197 0.13333333333333333
198 0.13333333333333333
199 0.13333333333333333
