0 0.06666666666666667
1 0.06285714285714288
2 0.05882352941176469
3 0.05454545454545454
4 0.05
5 0.04516129032258065
6 0.04
7 0.0410958904109589
8 0.04225352112676057
9 0.043478260869565216
10 0.04477611940298507
11 0.04615384615384616
12 0.047619047619047616
13 0.04878048780487805
14 0.05000000000000001
15 0.05128205128205128
16 0.05263157894736842
17 0.054054054054054064
18 0.05555555555555555
19 0.05660377358490566
20 0.057692307692307696
21 0.058823529411764705
22 0.060000000000000005
23 0.06122448979591837
24 0.0625
25 0.06315789473684211
26 0.06382978723404256
27 0.06451612903225806
28 0.06521739130434784
29 0.06593406593406594
30 0.06666666666666667
31 0.06666666666666667
32 0.06666666666666667
33 0.06666666666666667
34 0.06666666666666667
35 0.06666666666666667
36 0.06666666666666667
37 0.06666666666666667
38 0.06666666666666667
39 0.06666666666666667
40 0.06666666666666667
41 0.06666666666666667
42 0.06666666666666667
43 0.06666666666666667
44 0.06666666666666667
45 0.06666666666666667
46 0.06666666666666667
47 0.06666666666666667
48 0.06666666666666667
49 0.06666666666666667
50 0.06666666666666667
51 0.06666666666666667
52 0.06666666666666667
53 0.06666666666666667
54 0.06666666666666667
55 0.06666666666666667
56 0.06666666666666667
57 0.06666666666666667
58 0.06666666666666667
59 0.06666666666666667
60 0.06666666666666667
61 0.06666666666666667
62 0.06666666666666667
63 0.06666666666666667
64 0.06666666666666667
65 0.06666666666666667
66 0.06666666666666667
67 0.06666666666666667
68 0.06666666666666667
69 0.06666666666666667
70 0.06666666666666667
71 0.06666666666666667
72 0.06666666666666667
73 0.06666666666666667
74 0.06666666666666667
75 0.06666666666666667
76 0.06666666666666667
77 0.06666666666666667
78 0.06666666666666667
79 0.06666666666666667
80 0.06666666666666667
81 0.06666666666666667
82 0.06666666666666667
83 0.06666666666666667
84 0.06666666666666667
85 0.06666666666666667
86 0.06666666666666667
87 0.06666666666666667
88 0.06666666666666667
89 0.06666666666666667
90 0.06666666666666667
91 0.06666666666666667
92 0.06666666666666667
93 0.06666666666666667
94 0.06666666666666667
95 0.06666666666666667
96 0.06666666666666667
97 0.06666666666666667
98 0.06666666666666667
99 0.06666666666666667
100 0.06666666666666667
101 0.06666666666666667
102 0.06666666666666667
103 0.06666666666666667
104 0.06666666666666667
105 0.06666666666666667
106 0.06666666666666667
107 0.06666666666666667
108 0.06666666666666667
109 0.06666666666666667
110 0.06666666666666667
111 0.06666666666666667
112 0.06666666666666667
113 0.06666666666666667
114 0.06666666666666667
115 0.06666666666666667
116 0.06666666666666667
117 0.06666666666666667
118 0.06666666666666667
119 0.06666666666666667
120 0.06666666666666667
121 0.06666666666666667
122 0.06666666666666667
123 0.06666666666666667
124 0.06666666666666667
125 0.06666666666666667
126 0.06666666666666667
127 0.06666666666666667
128 0.06666666666666667
129 0.06666666666666667
130 0.06666666666666667
131 0.06666666666666667
132 0.06666666666666667
133 0.06666666666666667
134 0.06666666666666667
135 0.06666666666666667
136 0.06666666666666667
137 0.06666666666666667
138 0.06666666666666667
139 0.06666666666666667
140 0.06666666666666667
141 0.06666666666666667
142 0.06666666666666667
143 0.06666666666666667
144 0.06666666666666667
145 0.06666666666666667
146 0.06666666666666667
147 0.06666666666666667
148 0.06666666666666667
149 0.06666666666666667
150 0.06666666666666667
151 0.06666666666666667
152 0.06666666666666667
153 0.06666666666666667
154 0.06666666666666667
155 0.06666666666666667
156 0.06666666666666667
157 0.06666666666666667
158 0.06666666666666667
159 0.06666666666666667
160 0.06666666666666667
161 0.06666666666666667
162 0.06666666666666667
163 0.06666666666666667
164 0.06666666666666667
165 0.06666666666666667
166 0.06666666666666667
167 0.06666666666666667
168 0.06666666666666667
169 0.06666666666666667
170 0.06666666666666667
171 0.06666666666666667
172 0.06666666666666667
173 0.06666666666666667
174 0.06666666666666667
175 0.06666666666666667
176 0.06666666666666667
177 0.06666666666666667
178 0.06666666666666667
179 0.06666666666666667
180 0.06666666666666667
181 0.06666666666666667
182 0.06666666666666667
183 0.06666666666666667
184 0.06666666666666667
185 0.06666666666666667
186 0.06666666666666667
187 0.06666666666666667
188 0.06666666666666667
189 0.06666666666666667
190 0.06666666666666667
191 0.06666666666666667
192 0.06666666666666667
193 0.06666666666666667
194 0.06666666666666667
195 0.06666666666666667
196 0.06666666666666667
197 0.06666666666666667
198 0.06666666666666667
199 0.06666666666666667
