0 0
1 0
2 0
3 0
4 0
5 0
6 0
7 0
8 0
9 0
10 0
11 0
12 0
13 0
14 0
15 0
16 0
17 0
18 0
19 0
20 0
21 0
22 0
23 0
24 0
25 0
26 0
27 0
28 0
29 0
30 0
31 0
32 0
33 0
34 0
35 0
36 0
37 0
38 0
39 0
40 0
41 0
42 0
43 0
44 0
45 0
46 0
47 0
48 0
49 0
50 0.6135117904356907
51 0.6135117904356906
52 0.6135117904356906
53 0.6135117904356906
54 0.6135117904356906
55 0.6135117904356905
56 0.6135117904356907
57 0.6135117904356906
58 0.6135117904356906
59 0.6135117904356905
60 0.6135117904356907
61 0.6135117904356906
62 0.6135117904356906
63 0.6135117904356907
64 0.6135117904356906
65 0.6135117904356906
66 0.6135117904356906
67 0.6135117904356906
68 0.6135117904356906
69 0.6135117904356906
70 0.6135117904356906
71 0.6135117904356906
72 0.6135117904356906
73 0.6135117904356906
74 0.6135117904356907
75 0.6135117904356906
76 0.6135117904356907
77 0.6135117904356905
78 0.6135117904356906
79 0.6135117904356907
80 0.6135117904356906
81 0.6135117904356906
82 0.6135117904356906
83 0.6135117904356906
84 0.6135117904356906
85 0.6135117904356906
86 0.6135117904356906
87 0.6135117904356907
88 0.6135117904356906
89 0.6135117904356905
90 0.6135117904356907
91 0.6135117904356906
92 0.6135117904356906
93 0.6135117904356907
94 0.6135117904356907
95 0.6135117904356906
96 0.6135117904356906
97 0.6135117904356907
98 0.6135117904356906
99 0.6135117904356906
100 0.6135117904356906
101 0.6135117904356905
102 0.6135117904356907
103 0.6135117904356907
104 0.6135117904356907
105 0.6135117904356907
106 0.6135117904356906
107 0.6135117904356905
108 0.6135117904356907
109 0.6135117904356908
110 0.6135117904356906
111 0.6135117904356906
112 0.6135117904356907
113 0.6135117904356906
114 0.6135117904356906
115 0.6135117904356906
116 0.6135117904356906
117 0.6135117904356907
118 0.6135117904356906
119 0.6135117904356905
120 0.6135117904356907
121 0.6135117904356905
122 0.6135117904356906
123 0.6135117904356907
124 0.6135117904356906
125 0.6135117904356906
126 0.6135117904356906
127 0.6135117904356906
128 0.6135117904356907
129 0.6135117904356906
130 0.6135117904356906
131 0.6135117904356907
132 0.6135117904356906
133 0.6135117904356906
134 0.6135117904356906
135 0.6135117904356906
136 0.6135117904356906
137 0.6135117904356907
138 0.6135117904356906
139 0.6135117904356906
140 0.6135117904356906
141 0.6135117904356907
142 0.6135117904356907
143 0.6135117904356906
144 0.6135117904356905
145 0.6135117904356907
146 0.6135117904356906
147 0.6135117904356906
148 0.6135117904356906
149 0.6135117904356906
150 0.6135117904356905
151 0.6135117904356906
152 0.6135117904356906
153 0.6135117904356905
154 0.6135117904356906
155 0.6135117904356906
156 0.6135117904356905
157 0.6135117904356907
158 0.6135117904356906
159 0.6135117904356905
160 0.6135117904356906
161 0.6135117904356907
162 0.6135117904356906
163 0.6135117904356906
164 0.6135117904356907
165 0.6135117904356907
166 0.6135117904356906
167 0.6135117904356907
168 0.6135117904356906
169 0.6135117904356906
170 0.6135117904356907
171 0.6135117904356907
172 0.6135117904356906
173 0.6135117904356907
174 0.6135117904356906
175 0.6135117904356906
176 0.6135117904356906
177 0.6135117904356906
178 0.6135117904356905
179 0.6135117904356906
180 0.6135117904356906
181 0.6135117904356905
182 0.6135117904356907
183 0.6135117904356906
184 0.6135117904356905
185 0.6135117904356906
186 0.6135117904356906
187 0.6135117904356905
188 0.6135117904356907
189 0.6135117904356906
190 0.6135117904356905
191 0.6135117904356907
192 0.6135117904356906
193 0.6135117904356905
194 0.6135117904356907
195 0.6135117904356906
196 0.6135117904356905
197 0.6135117904356907
198 0.6135117904356906
199 0.6135117904356905
