0 0.3333333333333333
1 0.3333333333333333
2 0.3333333333333334
3 0.33333333333333337
4 0.33333333333333337
5 0.3333333333333333
6 0.3333333333333333
7 0.3333333333333333
8 0.3333333333333333
9 0.3333333333333333
10 0.33333333333333337
11 0.3333333333333333
12 0.33333333333333337
13 0.3333333333333333
14 0.3333333333333333
15 0.3333333333333333
16 0.3333333333333333
17 0.3333333333333333
18 0.3333333333333333
19 0.3333333333333333
20 0.3333333333333333
21 0.33333333333333337
22 0.33333333333333337
23 0.3333333333333333
24 0.33333333333333337
25 0.3333333333333333
26 0.33333333333333337
27 0.33333333333333326
28 0.3333333333333333
29 0.33333333333333337
30 0.3333333333333333
31 0.33333333333333337
32 0.3333333333333333
33 0.33333333333333337
34 0.3333333333333333
35 0.3333333333333333
36 0.3333333333333333
37 0.3333333333333333
38 0.3333333333333333
39 0.3333333333333333
40 0.33333333333333337
41 0.3333333333333333
42 0.33333333333333337
43 0.3333333333333333
44 0.3333333333333333
45 0.3333333333333333
46 0.3333333333333333
47 0.3333333333333333
48 0.3333333333333333
49 0.3333333333333333
50 0.3333333333333333
51 0.33333333333333337
52 0.3333333333333333
53 0.3333333333333333
54 0.33333333333333337
55 0.33333333333333337
56 0.33333333333333337
57 0.33333333333333326
58 0.3333333333333333
59 0.3333333333333333
60 0.3333333333333333
61 0.33333333333333337
62 0.33333333333333337
63 0.33333333333333337
64 0.3333333333333333
65 0.33333333333333337
66 0.3333333333333333
67 0.3333333333333333
68 0.33333333333333337
69 0.3333333333333333
70 0.33333333333333337
71 0.33333333333333337
72 0.3333333333333333
73 0.3333333333333333
74 0.3333333333333333
75 0.33333333333333337
76 0.3333333333333333
77 0.33333333333333337
78 0.3333333333333333
79 0.3333333333333333
80 0.33333333333333337
81 0.33333333333333337
82 0.33333333333333337
83 0.3333333333333333
84 0.33333333333333326
85 0.3333333333333333
86 0.33333333333333337
87 0.3333333333333333
88 0.3333333333333333
89 0.3333333333333333
90 0.33333333333333337
91 0.33333333333333337
92 0.3333333333333333
93 0.33333333333333337
94 0.33333333333333337
95 0.3333333333333333
96 0.3333333333333333
97 0.3333333333333333
98 0.3333333333333333
99 0.3333333333333333
100 0.33333333333333337
101 0.33333333333333337
102 0.33333333333333337
103 0.3333333333333333
104 0.3333333333333333
105 0.3333333333333333
106 0.3333333333333333
107 0.33333333333333337
108 0.3333333333333333
109 0.3333333333333333
110 0.33333333333333337
111 0.33333333333333337
112 0.33333333333333337
113 0.3333333333333333
114 0.33333333333333337
115 0.33333333333333337
116 0.33333333333333337
117 0.3333333333333333
118 0.3333333333333333
119 0.3333333333333333
120 0.3333333333333333
121 0.33333333333333326
122 0.33333333333333337
123 0.33333333333333337
124 0.33333333333333337
125 0.33333333333333337
126 0.3333333333333333
127 0.33333333333333337
128 0.3333333333333333
129 0.3333333333333333
130 0.3333333333333333
131 0.33333333333333337
132 0.33333333333333337
133 0.3333333333333333
134 0.3333333333333333
135 0.3333333333333333
136 0.3333333333333333
137 0.33333333333333337
138 0.3333333333333333
139 0.3333333333333333
140 0.33333333333333337
141 0.33333333333333337
142 0.33333333333333337
143 0.3333333333333333
144 0.3333333333333333
145 0.33333333333333337
146 0.33333333333333337
147 0.3333333333333333
148 0.3333333333333333
149 0.33333333333333337
150 0.33333333333333337
151 0.3333333333333333
152 0.33333333333333337
153 0.3333333333333333
154 0.33333333333333337
155 0.3333333333333333
156 0.3333333333333333
157 0.33333333333333337
158 0.33333333333333337
159 0.33333333333333337
160 0.3333333333333333
161 0.33333333333333337
162 0.3333333333333333
163 0.3333333333333333
164 0.3333333333333333
165 0.33333333333333337
166 0.3333333333333333
167 0.3333333333333333
168 0.33333333333333337
169 0.3333333333333333
170 0.3333333333333333
171 0.33333333333333337
172 0.3333333333333333
173 0.3333333333333333
174 0.3333333333333333
175 0.3333333333333333
176 0.33333333333333337
177 0.3333333333333333
178 0.33333333333333337
179 0.33333333333333337
180 0.33333333333333337
181 0.3333333333333333
182 0.3333333333333333
183 0.3333333333333333
184 0.33333333333333337
185 0.3333333333333333
186 0.33333333333333337
187 0.33333333333333337
188 0.3333333333333333
189 0.3333333333333333
190 0.33333333333333337
191 0.3333333333333333
192 0.3333333333333333
193 0.33333333333333337
194 0.3333333333333333
195 0.33333333333333337
196 0.3333333333333333
197 0.3333333333333333
198 0.3333333333333333
199 0.33333333333333337
