0 0.2
1 0.2
2 0.2
3 0.20000000000000004
4 0.2
5 0.19999999999999998
6 0.19999999999999998
7 0.19999999999999998
8 0.19999999999999998
9 0.19999999999999998
10 0.2
11 0.2
12 0.19999999999999998
13 0.19999999999999998
14 0.2
15 0.2
16 0.2
17 0.19999999999999998
18 0.19999999999999998
19 0.2
20 0.19999999999999998
21 0.2
22 0.2
23 0.2
24 0.2
25 0.2
26 0.19999999999999998
27 0.19999999999999998
28 0.19999999999999998
29 0.2
30 0.2
31 0.2
32 0.2
33 0.20000000000000004
34 0.19999999999999998
35 0.19999999999999998
36 0.19999999999999998
37 0.2
38 0.19999999999999998
39 0.19999999999999998
40 0.2
41 0.2
42 0.19999999999999998
43 0.19999999999999998
44 0.2
45 0.2
46 0.2
47 0.19999999999999998
48 0.19999999999999998
49 0.2
50 0.19999999999999998
51 0.2
52 0.2
53 0.2
54 0.2
55 0.2
56 0.2
57 0.19999999999999998
58 0.19999999999999998
59 0.19999999999999998
60 0.2
61 0.2
62 0.20000000000000004
63 0.20000000000000004
64 0.19999999999999998
65 0.2
66 0.19999999999999998
67 0.2
68 0.2
69 0.19999999999999998
70 0.2
71 0.2
72 0.2
73 0.19999999999999998
74 0.19999999999999998
75 0.2
76 0.2
77 0.2
78 0.19999999999999998
79 0.2
80 0.19999999999999998
81 0.19999999999999998
82 0.2
83 0.2
84 0.19999999999999998
85 0.2
86 0.19999999999999998
87 0.19999999999999998
88 0.19999999999999998
89 0.19999999999999998
90 0.2
91 0.2
92 0.19999999999999998
93 0.2
94 0.2
95 0.19999999999999998
96 0.19999999999999998
97 0.19999999999999998
98 0.19999999999999998
99 0.19999999999999998
100 0.2
101 0.19999999999999998
102 0.19999999999999998
103 0.19999999999999998
104 0.19999999999999998
105 0.2
106 0.2
107 0.2
108 0.19999999999999998
109 0.2
110 0.19999999999999998
111 0.19999999999999998
112 0.2
113 0.2
114 0.2
115 0.2
116 0.2
117 0.19999999999999998
118 0.2
119 0.19999999999999998
120 0.2
121 0.19999999999999996
122 0.20000000000000004
123 0.2
124 0.2
125 0.2
126 0.19999999999999998
127 0.2
128 0.19999999999999998
129 0.19999999999999998
130 0.19999999999999998
131 0.2
132 0.19999999999999998
133 0.20000000000000004
134 0.19999999999999998
135 0.2
136 0.19999999999999998
137 0.2
138 0.19999999999999998
139 0.19999999999999998
140 0.19999999999999998
141 0.2
142 0.2
143 0.2
144 0.2
145 0.2
146 0.19999999999999998
147 0.2
148 0.19999999999999998
149 0.2
150 0.2
151 0.19999999999999998
152 0.20000000000000004
153 0.2
154 0.2
155 0.19999999999999998
156 0.2
157 0.2
158 0.2
159 0.2
160 0.19999999999999998
161 0.2
162 0.2
163 0.2
164 0.2
165 0.2
166 0.19999999999999998
167 0.19999999999999998
168 0.2
169 0.19999999999999998
170 0.19999999999999998
171 0.2
172 0.2
173 0.2
174 0.2
175 0.19999999999999998
176 0.19999999999999998
177 0.2
178 0.2
179 0.2
180 0.2
181 0.19999999999999998
182 0.2
183 0.2
184 0.2
185 0.19999999999999998
186 0.20000000000000004
187 0.2
188 0.19999999999999998
189 0.2
190 0.2
191 0.2
192 0.2
193 0.2
194 0.2
195 0.2
196 0.19999999999999996
197 0.19999999999999998
198 0.19999999999999998
199 0.2
