0 0.06666666666666667
1 0.06666666666666667
2 0.06666666666666668
3 0.06666666666666667
4 0.06666666666666667
5 0.06666666666666667
6 0.06666666666666667
7 0.06666666666666667
8 0.06666666666666667
9 0.06666666666666667
10 0.06666666666666667
11 0.06666666666666667
12 0.06666666666666667
13 0.06666666666666667
14 0.06666666666666667
15 0.06666666666666667
16 0.06666666666666667
17 0.06666666666666667
18 0.06666666666666667
19 0.06666666666666668
20 0.06666666666666667
21 0.06666666666666668
22 0.06666666666666668
23 0.06666666666666667
24 0.06666666666666667
25 0.06666666666666667
26 0.06666666666666667
27 0.06666666666666665
28 0.06666666666666667
29 0.06666666666666667
30 0.06666666666666667
31 0.06666666666666668
32 0.06666666666666668
33 0.06666666666666667
34 0.06666666666666667
35 0.06666666666666665
36 0.06666666666666667
37 0.06666666666666667
38 0.06666666666666667
39 0.06666666666666667
40 0.06666666666666667
41 0.06666666666666667
42 0.06666666666666667
43 0.06666666666666667
44 0.06666666666666667
45 0.06666666666666667
46 0.06666666666666667
47 0.06666666666666667
48 0.06666666666666667
49 0.06666666666666667
50 0.06666666666666667
51 0.06666666666666668
52 0.06666666666666667
53 0.06666666666666667
54 0.06666666666666667
55 0.06666666666666667
56 0.06666666666666668
57 0.06666666666666665
58 0.06666666666666667
59 0.06666666666666667
60 0.06666666666666667
61 0.06666666666666668
62 0.06666666666666668
63 0.06666666666666667
64 0.06666666666666667
65 0.06666666666666667
66 0.06666666666666667
67 0.06666666666666667
68 0.06666666666666667
69 0.06666666666666667
70 0.06666666666666667
71 0.06666666666666668
72 0.06666666666666667
73 0.06666666666666667
74 0.06666666666666667
75 0.06666666666666668
76 0.06666666666666667
77 0.06666666666666667
78 0.06666666666666667
79 0.06666666666666667
80 0.06666666666666667
81 0.06666666666666667
82 0.06666666666666668
83 0.06666666666666667
84 0.06666666666666667
85 0.06666666666666667
86 0.06666666666666667
87 0.06666666666666665
88 0.06666666666666667
89 0.06666666666666667
90 0.06666666666666667
91 0.06666666666666668
92 0.06666666666666667
93 0.06666666666666667
94 0.06666666666666667
95 0.06666666666666667
96 0.06666666666666667
97 0.06666666666666667
98 0.06666666666666667
99 0.06666666666666667
100 0.06666666666666667
101 0.06666666666666667
102 0.06666666666666667
103 0.06666666666666667
104 0.06666666666666667
105 0.06666666666666667
106 0.06666666666666667
107 0.06666666666666667
108 0.06666666666666667
109 0.06666666666666668
110 0.06666666666666667
111 0.06666666666666667
112 0.06666666666666668
113 0.06666666666666667
114 0.06666666666666667
115 0.06666666666666667
116 0.06666666666666668
117 0.06666666666666665
118 0.06666666666666667
119 0.06666666666666667
120 0.06666666666666667
121 0.06666666666666667
122 0.06666666666666668
123 0.06666666666666667
124 0.06666666666666667
125 0.06666666666666667
126 0.06666666666666667
127 0.06666666666666667
128 0.06666666666666667
129 0.06666666666666667
130 0.06666666666666667
131 0.06666666666666668
132 0.06666666666666667
133 0.06666666666666668
134 0.06666666666666667
135 0.06666666666666667
136 0.06666666666666667
137 0.06666666666666667
138 0.06666666666666667
139 0.06666666666666667
140 0.06666666666666667
141 0.06666666666666668
142 0.06666666666666667
143 0.06666666666666667
144 0.06666666666666667
145 0.06666666666666667
146 0.06666666666666667
147 0.06666666666666667
148 0.06666666666666667
149 0.06666666666666667
150 0.06666666666666667
151 0.06666666666666667
152 0.06666666666666668
153 0.06666666666666667
154 0.06666666666666667
155 0.06666666666666665
156 0.06666666666666667
157 0.06666666666666668
158 0.06666666666666667
159 0.06666666666666668
160 0.06666666666666667
161 0.06666666666666668
162 0.06666666666666667
163 0.06666666666666667
164 0.06666666666666667
165 0.06666666666666668
166 0.06666666666666667
167 0.06666666666666667
168 0.06666666666666667
169 0.06666666666666667
170 0.06666666666666667
171 0.06666666666666668
172 0.06666666666666667
173 0.06666666666666667
174 0.06666666666666667
175 0.06666666666666667
176 0.06666666666666667
177 0.06666666666666667
178 0.06666666666666667
179 0.06666666666666667
180 0.06666666666666667
181 0.06666666666666665
182 0.06666666666666668
183 0.06666666666666667
184 0.06666666666666667
185 0.06666666666666665
186 0.06666666666666668
187 0.06666666666666667
188 0.06666666666666667
189 0.06666666666666667
190 0.06666666666666667
191 0.06666666666666667
192 0.06666666666666667
193 0.06666666666666668
194 0.06666666666666667
195 0.06666666666666668
196 0.06666666666666665
197 0.06666666666666667
198 0.06666666666666667
199 0.06666666666666667
